8.46292	0.243462	-3.03909	-0.087429	8.46292	0.243462	8.6	0.25	-3.00029	0
8.4473	0.251473	-1.09145	0.0894688	8.44818	0.251553	8.45	0.25	-3.00027	0
8.47197	0.240799	0.000720782	-0.211052	8.56759	0.241943	8.45	0.25	0	0
8.46435	0.252214	-0.0103958	0.0241299	8.45582	0.253997	8.45	0.25	0	0
8.37803	0.252351	-1.37121	-0.00950196	8.42544	0.254042	8.35	0.25	-1.81979	0
8.28316	0.250677	-1.39066	-0.0135803	8.23962	0.24916	8.25	0.25	-1.81978	0
8.077	0.227257	-3.13108	-0.165789	7.93286	0.188391	8.05	0.2	-3.99976	-0.99994
7.90142	0.184957	-3.15207	-0.3192	7.84073	0.159858	7.85	0.15	-3.99972	-0.99993
7.73285	0.166099	-3.20181	-0.33146	7.61269	0.155818	7.7	0.15	-2.99982	0
7.56572	0.154819	-3.21292	-0.309918	7.54016	0.159641	7.55	0.15	-2.99982	0
7.46418	0.125748	-2.26595	-0.346794	7.50815	0.0953827	7.45	0.100001	-1.8165	-0.908239
7.34042	0.0729274	-2.26348	-0.475506	7.3426	0.0345312	7.35	0.0500011	-1.81648	-0.90823
7.18625	0.0374786	-2.6478	-0.511904	7.20598	0.00492725	7.2	9.49949e-07	-2.72851	-0.909507
7.04338	-0.0188187	-2.64286	-0.620013	7.05406	-0.0533413	7.05	-0.0499992	-2.72849	-0.909499
6.94505	-0.0816382	-1.95203	-0.74072	6.74585	-0.143185	6.95	-0.15	-1.81898	-1.81898
6.83967	-0.182061	-1.95147	-0.973584	6.84972	-0.258748	6.85	-0.25	-1.81896	-1.81897
6.73199	-0.261122	-2.03846	-1.09207	6.66966	-0.346668	6.75	-0.349999	-2.00076	-2.00075
6.63125	-0.376662	-2.04477	-1.33262	6.64329	-0.462604	6.65	-0.449999	-2.00076	-2.00075
6.59118	-0.486036	-1.267	-1.55241	6.60862	-0.557035	6.6	-0.549999	-0.998836	-1.99769
6.53213	-0.598346	-1.26633	-1.68925	6.56029	-0.650892	6.55	-0.65	-0.99884	-1.99769
6.49466	-0.744853	-0.788339	-1.95172	6.40696	-0.842921	6.5	-0.85	-0.908747	-3.63498
6.44705	-0.934766	-0.824093	-2.2793	6.45805	-1.05268	6.45	-1.05	-0.908739	-3.63494
6.35435	-1.06899	-1.40853	-2.23722	6.38626	-1.15695	6.35	-1.15	-1.81897	-1.81898
6.27036	-1.21686	-1.4349	-2.33634	6.25499	-1.25007	6.25	-1.25	-1.81896	-1.81896
6.33945	-1.43493	0.380637	-3.01359	6.43125	-1.48148	6.3	-1.45	0.909739	-3.63894
6.35793	-1.62313	0.362382	-3.10233	6.36328	-1.65656	6.35	-1.65	0.909727	-3.63891
6.30068	-1.75035	-0.579188	-2.77824	6.3228	-1.81431	6.3	-1.8	-0.999494	-2.9985
6.26277	-1.91479	-0.617079	-2.87926	6.24641	-1.95075	6.25	-1.95	-0.999489	-2.99847
6.30188	-2.10791	0.292355	-3.32108	6.31851	-2.10969	6.3	-2.1	0.999984	-2.99994
6.32512	-2.25841	0.324134	-3.25858	6.34644	-2.23829	6.35	-2.25	0.999979	-2.99994
6.31589	-2.41106	-0.0552498	-3.03255	6.32593	-2.40018	6.35	-2.4	0	-2.72613
6.32291	-2.56475	-0.0201343	-2.97912	6.34927	-2.55175	6.35	-2.55	0	-2.72611
6.36648	-2.74222	0.478585	-3.18849	6.43125	-2.71878	6.4	-2.7	0.909499	-2.72851
6.40893	-2.88488	0.54555	-3.06106	6.43257	-2.84245	6.45	-2.85	0.909503	-2.72851
6.42332	-3.01651	0.328517	-2.88857	6.46536	-3.00452	6.45	-3	0	-2.99754
6.44122	-3.15666	0.33594	-2.87194	6.44119	-3.14955	6.45	-3.15	0	-2.99754
6.4916	-3.33098	0.715389	-3.08015	6.52249	-3.32007	6.5	-3.3	0.910402	-2.7312
6.5389	-3.48258	0.750789	-3.01319	6.5453	-3.45745	6.55	-3.45	0.910402	-2.7312
6.61656	-3.65471	1.14795	-3.18941	6.6358	-3.59197	6.65	-3.6	1.81722	-2.72583
6.70837	-3.79254	1.25505	-3.04119	6.76011	-3.75457	6.75	-3.75	1.81721	-2.72581
6.76641	-3.93566	1.03499	-2.83545	6.83625	-3.92723	6.8	-3.9	0.907988	-2.72396
6.83686	-4.07465	1.0849	-2.76823	6.85997	-4.05805	6.85	-4.05	0.907976	-2.72393
6.89107	-4.2173	1.01389	-2.69799	6.86943	-4.18507	6.9	-4.2	0.909334	-2.72801
6.94849	-4.35818	1.0246	-2.67145	6.94332	-4.34473	6.95	-4.35	0.90933	-2.72799
6.98145	-4.47748	0.668331	-2.38509	7.05156	-4.49706	7	-4.45	0.910054	-1.8201
7.03179	-4.58363	0.725633	-2.29281	7.04099	-4.55018	7.05	-4.55	0.910054	-1.8201
7.09286	-4.71614	0.955754	-2.42008	7.10252	-4.67934	7.1	-4.7	0.908302	-2.72489
7.14443	-4.85357	0.949442	-2.43479	7.14735	-4.86125	7.15	-4.85	0.908297	-2.72489
7.24251	-5.02196	1.47648	-2.82174	7.3138	-5.05204	7.25	-5	1.81907	-2.72861
7.32131	-5.17108	1.47506	-2.80359	7.30424	-5.15404	7.35	-5.15	1.81907	-2.72861
7.38051	-5.30466	1.24096	-2.61089	7.29446	-5.23429	7.4	-5.3	0.908194	-2.7246
7.44777	-5.45035	1.23645	-2.61791	7.44737	-5.45308	7.45	-5.45	0.90819	-2.72457
7.5242	-5.59002	1.25302	-2.58989	7.63082	-5.61863	7.55	-5.55	1.81974	-1.81974
7.61699	-5.70108	1.34472	-2.47326	7.64356	-5.66706	7.65	-5.65	1.81972	-1.81972
7.68089	-5.82501	1.25407	-2.3856	7.60376	-5.74774	7.7	-5.8	0.90983	-2.72951
7.74552	-5.95747	1.24114	-2.39287	7.7342	-5.95374	7.75	-5.95	0.909826	-2.72948
7.85679	-6.11809	1.86997	-2.90276	7.82165	-6.06822	7.85	-6.1	1.9986	-2.9979
7.95509	-6.25527	1.88981	-2.87404	7.95703	-6.24328	7.95	-6.25	1.99858	-2.99787
8.03706	-6.38424	1.5094	-2.52086	8.17338	-6.44684	8.05	-6.35	1.81738	-1.81739
8.14187	-6.49212	1.59477	-2.40888	8.15891	-6.45335	8.15	-6.45	1.81737	-1.81737
8.21185	-6.61108	1.44804	-2.2916	8.08628	-6.51855	8.2	-6.6	0.909293	-2.72787
8.27847	-6.7466	1.40421	-2.33032	8.25411	-6.74791	8.25	-6.75	0.909293	-2.72787
8.35749	-6.87521	1.47986	-2.38947	8.25648	-6.78122	8.35	-6.85	1.81994	-1.81993
8.44801	-6.98788	1.52019	-2.32526	8.44494	-6.95805	8.45	-6.95	1.81993	-1.81993
8.51319	-7.09774	1.45841	-2.28287	8.39359	-7.01743	8.5	-7.1	1.00006	-3.00018
8.5702	-7.22873	1.40061	-2.34626	8.54925	-7.24433	8.55	-7.25	1.00006	-3.00018
8.67261	-7.38217	1.84117	-2.75908	8.64403	-7.39047	8.65	-7.4	1.99807	-2.99712
8.75279	-7.53208	1.79824	-2.80393	8.73559	-7.5421	8.75	-7.55	1.99808	-2.99712
8.80719	-7.64415	1.19313	-2.25816	8.87176	-7.71912	8.8	-7.65	0.909955	-1.8199
8.86623	-7.76774	1.17484	-2.26109	8.84538	-7.75497	8.85	-7.75	0.909946	-1.81988
8.93861	-7.89928	1.38649	-2.47473	8.88333	-7.88636	8.9	-7.9	0.999086	-2.9973
8.99079	-8.03556	1.32808	-2.52475	8.95966	-8.0381	8.95	-8.05	0.999095	-2.9973
9.02219	-8.1361	0.893134	-2.12387	8.8564	-8.01424	9	-8.15	0.909309	-1.8186
9.06887	-8.2514	0.887202	-2.12101	9.05896	-8.24314	9.05	-8.25	0.909301	-1.81859
9.14229	-8.39253	1.24583	-2.48652	9.17781	-8.47056	9.1	-8.4	1.0004	-3.00119
9.18348	-8.53545	1.17103	-2.55727	9.15332	-8.54857	9.15	-8.55	1.00038	-3.00117
9.22048	-8.65004	0.820252	-2.2221	9.22922	-8.6898	9.2	-8.65	0.909508	-1.819
9.25952	-8.77416	0.801165	-2.23202	9.24541	-8.76863	9.25	-8.75	0.9095	-1.81899
9.38434	-8.98109	1.88671	-3.33864	9.37748	-9.00609	9.35	-8.95	1.99965	-3.99928
9.46761	-9.1547	1.84965	-3.36622	9.44703	-9.15328	9.45	-9.15	1.99964	-3.99928
9.50473	-9.26094	1.13589	-2.62805	9.50096	-9.25642	9.5	-9.25	0.999584	-1.99917
9.5613	-9.38214	1.14354	-2.59858	9.54157	-9.35195	9.55	-9.35	0.999584	-1.99917
9.59675	-9.49398	0.938159	-2.40524	9.47534	-9.42627	9.55	-9.5	0	-3.00023
9.60699	-9.64055	0.811488	-2.50814	9.54779	-9.64959	9.55	-9.65	0	-3.0002
9.66585	-9.79284	1.04149	-2.77612	9.69942	-9.88416	9.6	-9.8	0.999005	-2.997
9.69401	-9.94365	0.962495	-2.82753	9.64606	-9.9341	9.65	-9.95	0.998995	-2.997
9.71394	-10.0619	0.595417	-2.43001	9.60087	-9.96395	9.7	-10.05	0.909855	-1.81969
9.75269	-10.1784	0.62555	-2.37635	9.73801	-10.1396	9.75	-10.15	0.909847	-1.81969
9.7971	-10.3141	0.725774	-2.49485	9.92627	-10.4745	9.75	-10.3	0	-3.00065
9.80132	-10.4622	0.613391	-2.58413	9.75524	-10.4732	9.75	-10.45	0	-3.00063
9.84029	-10.6145	0.752783	-2.75347	9.71825	-10.5087	9.8	-10.6	0.90817	-2.72451
9.87285	-10.7667	0.725603	-2.76112	9.85048	-10.7526	9.85	-10.75	0.908161	-2.72448
9.88885	-10.8928	0.429318	-2.43223	9.88465	-10.9383	9.85	-10.9	0	-2.73074
9.88234	-11.0437	0.326308	-2.50109	9.83614	-11.041	9.85	-11.05	0	-2.73073
9.90125	-11.178	0.399945	-2.60948	9.83952	-11.1692	9.85	-11.2	0	-2.99965
9.88776	-11.3335	0.280817	-2.7024	9.84568	-11.3496	9.85	-11.35	0	-2.99961
9.90025	-11.4758	0.281169	-2.73662	9.87961	-11.5637	9.85	-11.5	0	-2.99843
9.88218	-11.6311	0.170676	-2.80999	9.83206	-11.6307	9.85	-11.65	0	-2.99843
9.84486	-11.7148	-0.441041	-2.05845	9.85311	-11.8523	9.8	-11.75	-1.0003	-2.00061
9.79234	-11.8371	-0.547956	-2.13262	9.74928	-11.8442	9.75	-11.85	-1.00029	-2.00059
9.77475	-11.9672	-0.363779	-2.40597	9.69694	-11.9706	9.7	-12	-1.0004	-3.00119
9.7097	-12.1217	-0.53262	-2.53115	9.65354	-12.1497	9.65	-12.15	-1.00039	-3.00116
9.66564	-12.2266	-0.798966	-2.1875	9.72311	-12.3964	9.6	-12.25	-0.999885	-1.99981
9.59566	-12.3513	-0.902647	-2.24864	9.54859	-12.3478	9.55	-12.35	-0.999884	-1.99979
9.51779	-12.4219	-1.27026	-1.75964	9.39039	-12.3902	9.45	-12.45	-1.99803	-1.99805
9.41347	-12.5357	-1.41552	-1.85493	9.36086	-12.5501	9.35	-12.55	-1.99804	-1.99804
9.34252	-12.6539	-1.31745	-2.01753	9.34456	-12.7106	9.3	-12.65	-0.909773	-1.81953
9.25164	-12.7714	-1.38031	-2.04627	9.22134	-12.7613	9.25	-12.75	-0.909773	-1.81954
9.13661	-12.8042	-2.00308	-1.12913	9.15326	-13.0031	9.05	-12.85	-3.99257	-1.99629
8.94679	-12.9157	-2.32461	-1.32971	8.84161	-12.9519	8.85	-12.95	-3.99253	-1.99627
8.81099	-12.9841	-2.37386	-1.28323	8.71632	-12.9613	8.75	-13	-1.8213	-0.910651
8.67547	-13.054	-2.39002	-1.2845	8.66358	-13.0431	8.65	-13.05	-1.8213	-0.910651
8.54085	-13.0924	-2.59873	-0.94299	8.54518	-13.1702	8.5	-13.1	-2.997	-0.999005
8.38702	-13.1517	-2.68348	-0.98817	8.35763	-13.1557	8.35	-13.15	-2.997	-0.998995
8.2187	-13.1581	-2.99239	-0.419275	8.22926	-13.1698	8.2	-13.15	-2.72741	0
8.05084	-13.1758	-2.99947	-0.407135	8.03583	-13.1513	8.05	-13.15	-2.72742	0
7.88032	-13.1828	-3.05153	-0.294314	7.82914	-13.0525	7.9	-13.15	-2.72986	0
7.74023	-13.1823	-2.95041	-0.236727	7.76538	-13.1647	7.75	-13.15	-2.72986	0
7.61312	-13.2397	-2.69455	-0.7359	7.66146	-13.3079	7.6	-13.2	-2.9979	-0.999304
7.46885	-13.2744	-2.7237	-0.736099	7.44786	-13.2517	7.45	-13.25	-2.9979	-0.999304
7.29821	-13.2631	-2.97552	-0.206508	7.21108	-13.0985	7.3	-13.25	-2.72846	0
7.15067	-13.2618	-2.91427	-0.166312	7.16011	-13.2382	7.15	-13.25	-2.72844	0
6.97787	-13.1965	-3.24978	0.581296	6.88472	-12.9588	7	-13.2	-2.99784	0.999284
6.83204	-13.1587	-3.18831	0.611607	6.84891	-13.1493	6.85	-13.15	-2.99784	0.999284
6.66337	-13.1278	-3.17714	0.627893	6.77424	-13.2337	6.7	-13.1	-2.72787	0.909275
6.52246	-13.0782	-3.05479	0.681881	6.55759	-13.0679	6.55	-13.05	-2.72787	0.909284
6.37057	-13.079	-2.85009	0.22661	6.40137	-13.0799	6.4	-13.05	-2.72678	0
6.23709	-13.0573	-2.76618	0.260561	6.26174	-13.0534	6.25	-13.05	-2.72678	0
6.07839	-13.0156	-2.88539	0.575799	6.10143	-13.0076	6.1	-13	-2.72966	0.909888
5.93421	-12.973	-2.8302	0.609524	5.94198	-12.9494	5.95	-12.95	-2.72963	0.90988
5.76911	-12.8579	-3.20266	1.59878	5.79854	-12.8478	5.8	-12.85	-2.99777	1.99851
5.63244	-12.7636	-3.11367	1.644	5.65107	-12.7365	5.65	-12.75	-2.99778	1.99852
5.48356	-12.7233	-2.82377	0.953001	5.50547	-12.5721	5.55	-12.7	-1.81798	0.908995
5.38069	-12.6539	-2.63499	1.01729	5.43839	-12.652	5.45	-12.65	-1.81799	0.908995
5.22589	-12.5421	-2.83549	1.6416	5.27506	-12.4782	5.3	-12.55	-2.72627	1.81753
5.09617	-12.4487	-2.74378	1.66017	5.1307	-12.4684	5.15	-12.45	-2.72625	1.8175
4.95714	-12.3677	-2.66731	1.53576	5.04446	-12.3808	5.05	-12.35	-1.8199	1.81989
4.86984	-12.2628	-2.45207	1.61026	4.92985	-12.2499	4.95	-12.25	-1.81991	1.8199
4.74545	-12.1537	-2.50767	1.85174	4.75061	-11.9803	4.85	-12.15	-1.99928	1.99929
4.68235	-12.048	-2.28546	1.91082	4.75915	-12.0666	4.75	-12.05	-1.99928	1.99928
4.56557	-11.9246	-2.29832	2.10724	4.69113	-11.9084	4.7	-11.9	-0.908236	2.72471
4.5402	-11.7733	-1.929	2.23473	4.64378	-11.7442	4.65	-11.75	-0.908231	2.7247
4.46506	-11.6853	-1.6839	1.75454	4.59746	-11.6205	4.6	-11.65	-0.909847	1.81971
4.4567	-11.5665	-1.38057	1.84509	4.54975	-11.5706	4.55	-11.55	-0.909843	1.81969
4.35722	-11.3563	-1.86277	3.27013	4.47442	-11.3673	4.5	-11.35	-1.0008	4.0032
4.34757	-11.1659	-1.55914	3.3739	4.44059	-11.1496	4.45	-11.15	-1.0008	4.00321
4.31874	-11.075	-1.00694	2.13945	4.43713	-11.024	4.45	-11.05	0	1.81614
4.35157	-10.9317	-0.687658	2.24333	4.45136	-10.93	4.45	-10.95	0	1.81612
4.32207	-10.7879	-0.715309	2.46771	4.44745	-10.786	4.45	-10.8	0	2.72555
4.36308	-10.6319	-0.426855	2.55725	4.45788	-10.6457	4.45	-10.65	0	2.72554
4.35218	-10.4942	-0.380482	2.54842	4.46329	-10.5756	4.45	-10.5	0	2.729
4.38239	-10.3385	-0.195971	2.6142	4.44057	-10.3382	4.45	-10.35	0	2.72898
4.39354	-10.2039	-0.0737569	2.48968	4.51895	-10.2367	4.5	-10.2	0.908962	2.72687
4.46354	-10.0436	0.193382	2.58909	4.54925	-10.0439	4.55	-10.05	0.908954	2.72685
4.49229	-9.90271	0.264685	2.57833	4.63224	-9.9707	4.6	-9.9	0.909756	2.72927
4.56581	-9.74306	0.476149	2.65855	4.63755	-9.74952	4.65	-9.75	0.909752	2.72926
4.59546	-9.57835	0.462787	2.78121	4.60757	-9.4335	4.7	-9.6	0.90859	2.72578
4.67084	-9.41891	0.635892	2.82941	4.74589	-9.4609	4.75	-9.45	0.908586	2.72576
4.74385	-9.29406	0.913886	2.46392	4.89179	-9.39473	4.85	-9.3	1.81967	2.72952
4.86223	-9.13446	1.15771	2.57189	4.94849	-9.13867	4.95	-9.15	1.81967	2.72951
4.94258	-9.02259	1.36223	2.30287	4.95209	-8.96272	5	-9.05	0.999884	1.99977
5.0177	-8.91418	1.38104	2.29176	5.04121	-8.94979	5.05	-8.95	0.999874	1.99974
5.10141	-8.78854	1.38963	2.32571	5.20806	-8.88942	5.15	-8.8	1.81805	2.72708
5.21763	-8.64217	1.53261	2.404	5.26887	-8.63564	5.25	-8.65	1.81803	2.72705
5.32375	-8.54529	1.7958	2.08845	5.3785	-8.56768	5.35	-8.55	1.99956	1.99957
5.42869	-8.43274	1.85032	2.12218	5.44864	-8.42738	5.45	-8.45	1.99954	1.99954
5.52767	-8.32423	1.82847	2.10784	5.56465	-8.44845	5.5	-8.35	0.909045	1.81807
5.58924	-8.23039	1.68846	2.01632	5.53862	-8.24357	5.55	-8.25	0.909045	1.81808
5.68065	-8.11061	1.66958	2.06675	5.64921	-8.02513	5.7	-8.1	2.72608	2.72608
5.80788	-7.97406	1.79753	2.15825	5.85094	-7.95601	5.85	-7.95	2.72606	2.72606
5.92023	-7.86119	1.91723	2.05094	5.93492	-7.84119	5.95	-7.85	1.81801	1.81801
6.04014	-7.73964	1.9685	2.08751	6.05986	-7.73559	6.05	-7.75	1.81802	1.81801
6.14792	-7.62713	1.97566	2.06809	6.13741	-7.63243	6.15	-7.65	1.81798	1.81798
6.2522	-7.52258	1.95617	2.03818	6.25659	-7.54336	6.25	-7.55	1.81798	1.81798
6.36692	-7.41938	2.02984	1.95521	6.39143	-7.46358	6.35	-7.45	1.82027	1.82027
6.46148	-7.33241	1.96465	1.88151	6.452	-7.36418	6.45	-7.35	1.82025	1.82025
6.58784	-7.25155	2.30682	1.58678	6.47916	-7.09783	6.6	-7.25	2.99862	1.99908
6.72425	-7.15648	2.38066	1.65163	6.7556	-7.14598	6.75	-7.15	2.99862	1.99908
6.80244	-7.03199	1.86148	2.08187	6.68682	-6.93297	6.8	-7.05	0.908005	1.816
6.88699	-6.93331	1.79756	2.0185	6.86356	-6.94732	6.85	-6.95	0.908	1.81601
7.03037	-6.85558	2.27264	1.61305	7.08741	-6.92602	7	-6.85	2.72856	1.81904
7.15814	-6.76137	2.2845	1.63221	7.15695	-6.75136	7.15	-6.75	2.72854	1.81902
7.25299	-6.65272	1.9212	1.91657	7.29976	-6.68807	7.25	-6.65	1.8202	1.8202
7.3555	-6.55256	1.90912	1.8982	7.35505	-6.56058	7.35	-6.55	1.82018	1.82018
7.52229	-6.50289	2.7092	1.2987	7.53544	-6.5372	7.5	-6.5	2.99964	0.999884
7.65374	-6.44722	2.69147	1.26666	7.65664	-6.46417	7.65	-6.45	2.99964	0.999884
7.77149	-6.36871	2.41587	1.42093	7.67559	-6.34628	7.75	-6.4	1.81709	0.908549
7.8792	-6.3228	2.32454	1.29791	7.85193	-6.35845	7.85	-6.35	1.81709	0.908545
8.00393	-6.2518	2.28035	1.32106	8.03231	-6.28406	8	-6.25	2.72931	1.81954
8.13646	-6.16552	2.30888	1.37039	8.13749	-6.14586	8.15	-6.15	2.72928	1.81952
8.22439	-6.07531	1.98111	1.60707	8.21488	-6.01843	8.25	-6.05	1.99977	1.99976
8.33361	-5.97534	2.02133	1.67812	8.33626	-5.94674	8.35	-5.95	1.99977	1.99976
8.49958	-5.90543	2.64538	1.32187	8.50318	-5.89335	8.5	-5.9	2.72796	0.909326
8.64464	-5.84253	2.6385	1.28985	8.65894	-5.86309	8.65	-5.85	2.72796	0.909321
8.74043	-5.74684	2.04858	1.63238	8.77185	-5.74314	8.75	-5.75	1.81776	1.81775
8.85545	-5.65115	2.05813	1.65349	8.85444	-5.64273	8.85	-5.65	1.81774	1.81773
8.95284	-5.56573	1.95551	1.71121	9.02394	-5.6024	8.95	-5.55	1.99657	1.99656
9.0542	-5.46971	1.97056	1.74786	9.05088	-5.45385	9.05	-5.45	1.99654	1.99655
9.21004	-5.39004	2.61089	1.43159	9.04088	-5.29691	9.2	-5.4	2.72728	0.909094
9.34881	-5.31889	2.59424	1.40263	9.34223	-5.32623	9.35	-5.35	2.72727	0.90909
9.43176	-5.22224	1.92406	1.70573	9.39579	-5.21659	9.45	-5.25	1.81816	1.81815
9.541	-5.12794	1.93309	1.70981	9.55303	-5.13194	9.55	-5.15	1.81813	1.81813
9.6385	-5.0394	1.79054	1.74402	9.75019	-5.14652	9.65	-5.05	1.82036	1.82036
9.74371	-4.93565	1.81188	1.77576	9.7586	-4.93134	9.75	-4.95	1.82036	1.82037
9.83708	-4.83569	1.69344	1.82787	9.9198	-4.86941	9.85	-4.85	1.81578	1.81577
9.9356	-4.73565	1.70627	1.82931	9.95641	-4.74358	9.95	-4.75	1.81575	1.81575
10.0165	-4.62142	1.5456	1.92948	10.0029	-4.54771	10.05	-4.6	1.82039	2.7306
10.1185	-4.48222	1.60325	2.05496	10.1428	-4.45119	10.15	-4.45	1.8204	2.7306
10.2078	-4.35669	1.59847	2.10558	10.1981	-4.26556	10.25	-4.3	1.81769	2.72652
10.32	-4.19854	1.67553	2.26765	10.3644	-4.16342	10.35	-4.15	1.81768	2.7265
10.4531	-4.0808	2.07123	2.15603	10.5985	-4.12247	10.45	-4.05	1.81792	1.81792
10.563	-3.95714	2.06369	2.17142	10.5415	-3.9454	10.55	-3.95	1.8179	1.8179
10.6622	-3.83572	1.87278	2.22429	10.7092	-3.85166	10.65	-3.85	1.81903	1.81904
10.7609	-3.73074	1.85648	2.16085	10.7616	-3.75002	10.75	-3.75	1.81902	1.81903
10.8054	-3.6034	1.18638	2.32956	10.795	-3.60617	10.8	-3.6	0.909773	2.72931
10.868	-3.47052	1.18195	2.34533	10.8527	-3.46164	10.85	-3.45	0.909764	2.72928
10.9772	-3.35419	1.77702	2.22985	10.9584	-3.30584	10.95	-3.3	1.99953	2.99928
11.0687	-3.20484	1.79588	2.36588	11.0447	-3.1561	11.05	-3.15	1.9995	2.99925
11.1109	-3.06043	1.09859	2.53654	11.1178	-2.98807	11.1	-3	0.907725	2.72317
11.1698	-2.89693	1.10119	2.62101	11.1427	-2.86566	11.15	-2.85	0.907708	2.72314
11.2199	-2.74516	1.00634	2.66105	11.1491	-2.68183	11.2	-2.7	0.908929	2.72678
11.2738	-2.57843	1.00758	2.7338	11.2525	-2.55311	11.25	-2.55	0.908929	2.72678
11.2116	-2.41897	-0.340255	2.93364	11.1188	-2.36202	11.2	-2.4	-0.909276	2.72782
11.1865	-2.25885	-0.355178	2.9268	11.1594	-2.25598	11.15	-2.25	-0.909276	2.72782
11.2979	-2.10072	1.25186	2.74003	11.2029	-2.09837	11.25	-2.1	1.81915	2.72871
11.3636	-1.95462	1.24408	2.72242	11.3525	-1.95787	11.35	-1.95	1.81913	2.72869
11.3639	-1.80605	0.468141	2.78401	11.3011	-1.79507	11.35	-1.8	0	2.73035
11.378	-1.66407	0.440939	2.74018	11.3326	-1.67041	11.35	-1.65	0	2.73033
11.3158	-1.52137	-0.44153	2.81716	11.0622	-1.44342	11.3	-1.5	-0.999165	2.99748
11.2882	-1.37099	-0.452127	2.84988	11.2595	-1.35818	11.25	-1.35	-0.999155	2.99745
11.2393	-1.21908	-0.704739	2.84395	11.1658	-1.23674	11.2	-1.25	-0.909822	1.81964
11.1891	-1.11049	-0.73222	2.6658	11.1524	-1.15803	11.15	-1.15	-0.909822	1.81964
11.0683	-0.976599	-1.64489	2.70103	10.8534	-0.929069	11.05	-0.95	-1.99817	3.99632
10.9834	-0.788569	-1.64902	2.8952	10.9584	-0.728742	10.95	-0.75	-1.99816	3.99632
10.9343	-0.628198	-1.09495	2.88764	10.8608	-0.663121	10.9	-0.649999	-0.908549	1.8171
10.8714	-0.509986	-1.09959	2.7368	10.8648	-0.553034	10.85	-0.549999	-0.908532	1.81708
10.7691	-0.375251	-1.64391	2.67924	10.8451	-0.437482	10.75	-0.45	-1.8174	1.81738
10.6737	-0.28647	-1.65098	2.46155	10.6542	-0.347474	10.65	-0.35	-1.8174	1.81738
10.5016	-0.173585	-2.63476	2.36785	10.5062	-0.245062	10.5	-0.25	-2.72796	1.81864
10.3546	-0.096063	-2.635	2.17238	10.3438	-0.150982	10.35	-0.15	-2.72796	1.81864
10.2689	0.0128823	-2.0379	2.14448	10.4884	-0.0812124	10.25	-0.0999996	-1.81964	0.909826
10.1576	0.0434947	-2.02756	1.82045	10.1537	-0.0482457	10.15	-0.0499992	-1.81963	0.909818
10.0059	0.118348	-2.47456	1.71316	9.92588	0.00395802	10	9.49949e-07	-2.73049	0.910169
9.86935	0.126486	-2.46683	1.39285	9.85676	0.0351738	9.85	0.0500011	-2.73047	0.910161
9.71436	0.178522	-2.66276	1.29323	9.63973	0.0585714	9.7	0.0500011	-2.72439	0
9.56637	0.147395	-2.6558	0.91086	9.54669	0.0374948	9.55	0.0500011	-2.72438	0
9.40842	0.18283	-2.75608	0.852222	9.32242	0.112393	9.4	0.100001	-2.72773	0.90923
9.25541	0.193294	-2.75649	0.715652	9.24446	0.153574	9.25	0.15	-2.7277	0.909222
9.10399	0.227216	-2.73152	0.695296	9.0614	0.20077	9.1	0.2	-2.72652	0.908843
8.95262	0.263061	-2.73374	0.686181	8.94752	0.260272	8.95	0.25	-2.72653	0.908843
8.85679	0.294408	-2.09976	0.680383	8.90199	0.247143	8.85	0.25	-1.81847	0
8.74565	0.299452	-2.08721	0.558202	8.76016	0.263752	8.75	0.25	-1.81846	0
8.53413	0.310749	-3.22318	0.447329	8.46355	0.258809	8.55	0.25	-3.6326	0
8.35719	0.296553	-3.21832	0.300173	8.35367	0.252596	8.35	0.25	-3.6326	0
8.2053	0.300294	-2.83463	0.262822	8.05161	0.241868	8.2	0.25	-2.72841	0
8.05118	0.283699	-2.8282	0.144523	8.05411	0.247878	8.05	0.25	-2.72842	0
7.90554	0.273741	-2.64801	0.0801634	7.78653	0.205765	7.9	0.2	-2.72708	-0.909025
7.75841	0.21689	-2.64675	-0.154639	7.74339	0.144028	7.75	0.15	-2.72705	-0.909016
7.61702	0.182118	-2.69134	-0.258936	7.77346	0.0969346	7.6	0.100001	-2.73169	-0.910554
7.46743	0.112487	-2.69317	-0.472694	7.45362	0.0452052	7.45	0.0500011	-2.73169	-0.910554
7.30241	0.0792936	-2.98307	-0.511543	7.15329	0.0425189	7.3	0.0500011	-2.99789	0
7.15559	0.0429095	-2.97814	-0.553493	7.16618	0.0287673	7.15	0.0500011	-2.9979	0
7.06796	-0.00601824	-2.09278	-0.629915	7.17215	-0.0469302	7.05	-0.0499995	-1.81811	-1.81813
6.95311	-0.0871028	-2.09385	-0.811694	6.95426	-0.147757	6.95	-0.15	-1.8181	-1.81811
6.85305	-0.1648	-1.89539	-0.947414	6.83008	-0.250179	6.85	-0.25	-1.81646	-1.81646
6.75077	-0.272477	-1.89588	-1.16583	6.76395	-0.345347	6.75	-0.35	-1.81645	-1.81645
6.66823	-0.371398	-1.67023	-1.31487	6.74798	-0.457727	6.65	-0.45	-1.81901	-1.819
6.56905	-0.496525	-1.69596	-1.52405	6.54569	-0.565853	6.55	-0.549999	-1.81899	-1.81898
6.53689	-0.642091	-0.949006	-1.82967	6.565	-0.754748	6.5	-0.749999	-0.909789	-3.63914
6.47342	-0.827413	-0.99778	-2.16629	6.4494	-0.940848	6.45	-0.949999	-0.909781	-3.63911
6.42483	-0.984506	-0.958132	-2.3698	6.44213	-1.11266	6.4	-1.1	-1.0002	-3.00061
6.36533	-1.16776	-1.01146	-2.62748	6.34405	-1.26138	6.35	-1.25	-1.0002	-3.00061
6.32064	-1.31463	-0.962735	-2.69761	6.39474	-1.36501	6.3	-1.35	-1.00035	-2.00072
6.26995	-1.44254	-0.964252	-2.67136	6.25356	-1.42931	6.25	-1.45	-1.00036	-2.00072
6.27563	-1.61271	-0.238738	-2.97226	6.24787	-1.61119	6.25	-1.6	0	-2.99288
6.25881	-1.76016	-0.248546	-2.96797	6.23547	-1.75335	6.25	-1.75	0	-2.99285
6.29763	-1.94	0.349247	-3.17521	6.41111	-1.93027	6.3	-1.9	0.909739	-2.72921
6.32762	-2.08862	0.39328	-3.07235	6.34873	-2.05372	6.35	-2.05	0.909735	-2.72921
6.3373	-2.23221	0.102874	-2.87453	6.53066	-2.26346	6.35	-2.2	0	-2.72782
6.35279	-2.36799	0.143355	-2.78661	6.36917	-2.33894	6.35	-2.35	0	-2.72779
6.35739	-2.52955	0.171108	-2.83708	6.27034	-2.51837	6.35	-2.55	0	-3.63689
6.35711	-2.70665	0.131106	-2.91972	6.34287	-2.73391	6.35	-2.75	0	-3.63689
6.4062	-2.89956	0.641635	-3.22135	6.45883	-2.92313	6.4	-2.9	0.908854	-2.72658
6.44224	-3.07156	0.64775	-3.20193	6.43866	-3.06257	6.45	-3.05	0.908859	-2.72658
6.48403	-3.23789	0.686269	-3.17018	6.49154	-3.20004	6.5	-3.2	0.908863	-2.72658
6.53262	-3.38387	0.738177	-3.06284	6.53579	-3.34211	6.55	-3.35	0.908855	-2.72655
6.58577	-3.53879	0.773998	-3.00176	6.70146	-3.53446	6.6	-3.5	0.908714	-2.72613
6.64017	-3.67731	0.827437	-2.90138	6.64657	-3.63945	6.65	-3.65	0.908702	-2.72611
6.69597	-3.83655	0.928664	-2.93765	6.70956	-3.81739	6.7	-3.8	0.909565	-2.72871
6.75154	-3.98479	0.951799	-2.88902	6.74885	-3.96368	6.75	-3.95	0.909561	-2.72869
6.79693	-4.13039	0.874796	-2.80308	6.73758	-4.06653	6.8	-4.1	0.908566	-2.72568
6.85215	-4.27174	0.90455	-2.75465	6.85796	-4.25464	6.85	-4.25	0.908561	-2.72569
6.9515	-4.44874	1.40674	-3.06506	7.10395	-4.49091	6.95	-4.4	1.81821	-2.72732
7.04133	-4.59246	1.46127	-2.97348	7.04679	-4.55716	7.05	-4.55	1.81822	-2.72732
7.10099	-4.73011	1.22132	-2.76029	7.02393	-4.64459	7.1	-4.7	0.91085	-2.73253
7.16223	-4.87607	1.21043	-2.74556	7.13435	-4.85502	7.15	-4.85	0.910837	-2.73251
7.21139	-4.99327	1.01947	-2.56086	7.24619	-4.97656	7.2	-4.95	1.00033	-2.00068
7.26955	-5.0954	1.06197	-2.47166	7.25317	-5.04605	7.25	-5.05	1.00033	-2.00066
7.36724	-5.24868	1.69079	-2.92378	7.22054	-5.09604	7.35	-5.2	1.9976	-2.9964
7.45367	-5.3806	1.70854	-2.87595	7.43604	-5.34825	7.45	-5.35	1.9976	-2.9964
7.49465	-5.48487	1.0453	-2.31744	7.40989	-5.38617	7.5	-5.45	0.908252	-1.8165
7.55969	-5.59542	1.07978	-2.25725	7.55662	-5.56714	7.55	-5.55	0.908244	-1.81648
7.64274	-5.73705	1.50323	-2.57931	7.39379	-5.52612	7.65	-5.7	1.81785	-2.72677
7.74195	-5.86005	1.56416	-2.50756	7.76459	-5.8425	7.75	-5.85	1.81785	-2.72677
7.78635	-5.96096	1.01144	-2.05679	7.84699	-6.00602	7.8	-5.95	0.909078	-1.81815
7.85127	-6.0609	1.0477	-2.00843	7.85921	-6.04502	7.85	-6.05	0.909073	-1.81815
7.94898	-6.20318	1.56657	-2.42196	7.89511	-6.1416	7.95	-6.2	1.8197	-2.72955
8.03788	-6.34208	1.56984	-2.4384	8.05619	-6.36041	8.05	-6.35	1.81969	-2.72953
8.14273	-6.48955	1.74825	-2.57773	8.2234	-6.53735	8.15	-6.5	1.8187	-2.72807
8.24106	-6.63532	1.75123	-2.58885	8.25446	-6.64851	8.25	-6.65	1.81869	-2.72804
8.29107	-6.73662	1.16043	-2.08844	8.32206	-6.77114	8.3	-6.75	0.908979	-1.81795
8.34504	-6.85289	1.1317	-2.09963	8.31728	-6.8399	8.35	-6.85	0.908979	-1.81795
8.41018	-6.97953	1.26481	-2.24481	8.2713	-6.91098	8.4	-7	0.909094	-2.72732
8.46021	-7.12732	1.19097	-2.33362	8.44183	-7.15372	8.45	-7.15	0.909102	-2.72732
8.55537	-7.2833	1.56797	-2.66833	8.54154	-7.25975	8.55	-7.3	1.81751	-2.72628
8.64104	-7.44193	1.55707	-2.70492	8.65899	-7.4699	8.65	-7.45	1.81752	-2.72628
8.6925	-7.55591	1.04622	-2.23457	8.83598	-7.68162	8.7	-7.55	0.908615	-1.81723
8.76163	-7.66241	1.09182	-2.17647	8.76769	-7.64094	8.75	-7.65	0.908607	-1.81721
8.85607	-7.81305	1.55781	-2.59571	8.77916	-7.72457	8.85	-7.8	1.8215	-2.73224
8.94713	-7.95176	1.57647	-2.58034	8.95669	-7.95155	8.95	-7.95	1.82148	-2.73221
9.02697	-8.0892	1.55842	-2.59243	9.1081	-8.22433	9	-8.1	0.999025	-2.99707
9.08555	-8.23461	1.49124	-2.65372	9.05476	-8.24211	9.05	-8.25	0.999015	-2.99704
9.11975	-8.3368	0.877572	-2.08445	9.13825	-8.4037	9.1	-8.35	0.908285	-1.81657
9.15926	-8.4553	0.84945	-2.10181	9.14025	-8.44981	9.15	-8.45	0.908268	-1.81655
9.22809	-8.59448	1.13406	-2.38179	9.22081	-8.59155	9.2	-8.6	0.91012	-2.73036
9.27145	-8.74418	1.06512	-2.451	9.25031	-8.76071	9.25	-8.75	0.910112	-2.73033
9.33175	-8.88688	1.11461	-2.5226	9.30208	-8.90831	9.3	-8.9	0.909524	-2.72856
9.37331	-9.04051	1.04612	-2.58035	9.34431	-9.04587	9.35	-9.05	0.909524	-2.72856
9.43349	-9.18286	1.17133	-2.72524	9.39993	-9.18842	9.4	-9.2	0.999066	-2.99725
9.46837	-9.34433	1.08292	-2.81535	9.4452	-9.37195	9.45	-9.35	0.999075	-2.99724
9.51938	-9.49003	0.991625	-2.72067	9.48751	-9.46421	9.5	-9.5	0.909706	-2.7291
9.56472	-9.64607	0.959827	-2.74591	9.55098	-9.64789	9.55	-9.65	0.909706	-2.7291
9.61334	-9.78565	0.993661	-2.78725	9.57122	-9.75525	9.6	-9.8	1.00048	-3.00143
9.64728	-9.93648	0.938821	-2.8317	9.62408	-9.94149	9.65	-9.95	1.00046	-3.00141
9.67666	-10.055	0.740438	-2.60297	9.61433	-9.96417	9.7	-10.05	0.998785	-1.99755
9.72996	-10.169	0.80083	-2.545	9.7457	-10.1502	9.75	-10.15	0.998775	-1.99754
9.75138	-10.2837	0.496512	-2.21416	9.77731	-10.3295	9.75	-10.3	0	-2.72851
9.76688	-10.4222	0.449179	-2.27057	9.76557	-10.4501	9.75	-10.45	0	-2.72849
9.81887	-10.5843	0.759193	-2.63875	9.89592	-10.7137	9.8	-10.6	0.909012	-2.72704
9.85309	-10.7391	0.729669	-2.67149	9.85066	-10.7537	9.85	-10.75	0.909012	-2.72703
9.86953	-10.8563	0.499829	-2.43678	9.84397	-10.9287	9.85	-10.9	0	-3.00318
9.86968	-11.0073	0.403424	-2.53634	9.85693	-11.0512	9.85	-11.05	0	-3.00316
9.88714	-11.1377	0.452982	-2.61778	9.74773	-11.0482	9.85	-11.2	0	-3.00013
9.87294	-11.3062	0.31374	-2.74849	9.84407	-11.3565	9.85	-11.35	0	-3.00012
9.88698	-11.4526	0.354362	-2.83646	9.79495	-11.4686	9.85	-11.5	0	-2.99592
9.87352	-11.6207	0.240491	-2.93021	9.83943	-11.6467	9.85	-11.65	0	-2.99592
9.83382	-11.7111	-0.427367	-2.0897	9.76634	-11.6976	9.8	-11.75	-0.908731	-1.81746
9.78312	-11.8439	-0.523403	-2.15668	9.74774	-11.8511	9.75	-11.85	-0.908731	-1.81746
9.76005	-11.98	-0.454301	-2.28288	9.7856	-12.1262	9.7	-12	-0.909591	-2.72875
9.6942	-12.1326	-0.599395	-2.3833	9.64482	-12.1455	9.65	-12.15	-0.909582	-2.72873
9.65699	-12.2694	-0.595687	-2.42986	9.57233	-12.2948	9.6	-12.3	-0.908879	-2.72667
9.587	-12.4318	-0.731318	-2.53169	9.55167	-12.4583	9.55	-12.45	-0.908879	-2.72665
9.50566	-12.5165	-1.18808	-1.9149	9.37132	-12.4833	9.45	-12.55	-1.82006	-1.82006
9.40352	-12.6433	-1.31825	-1.99597	9.359	-12.6499	9.35	-12.65	-1.82005	-1.82005
9.29919	-12.6927	-1.74193	-1.40945	9.16109	-12.6848	9.2	-12.75	-3.00047	-2.00033
9.12946	-12.8117	-2.03555	-1.59103	9.028	-12.8337	9.05	-12.85	-3.00048	-2.00033
8.99946	-12.8774	-2.19329	-1.37184	8.85918	-12.7953	8.95	-12.9	-1.81543	-0.907707
8.86166	-12.963	-2.25418	-1.40832	8.84257	-12.9684	8.85	-12.95	-1.81542	-0.907708
8.73568	-13.0435	-2.23727	-1.45876	8.66865	-13.0114	8.7	-13.05	-2.73134	-1.82089
8.58489	-13.1386	-2.33692	-1.51408	8.55319	-13.1445	8.55	-13.15	-2.73135	-1.82089
8.41686	-13.1165	-2.96011	-0.436798	8.27267	-12.996	8.4	-13.15	-2.99683	0
8.26348	-13.1424	-2.97986	-0.45037	8.25965	-13.1488	8.25	-13.15	-2.9968	0
8.11229	-13.1966	-2.75367	-0.864358	8.04571	-13.0646	8.1	-13.2	-2.72707	-0.909028
7.95883	-13.2463	-2.76159	-0.870959	7.95841	-13.2508	7.95	-13.25	-2.72705	-0.90902
7.79495	-13.2647	-2.98073	-0.451345	7.86599	-13.4154	7.8	-13.25	-2.7295	0
7.63423	-13.2797	-2.96408	-0.424521	7.62489	-13.249	7.65	-13.25	-2.7295	0
7.48177	-13.2859	-3.04541	-0.245694	7.50783	-13.2944	7.5	-13.25	-2.99994	0
7.3416	-13.2837	-2.99541	-0.203547	7.3419	-13.2474	7.35	-13.25	-2.99994	0
7.16173	-13.243	-3.25368	0.385752	7.19781	-13.1973	7.2	-13.2	-2.72698	0.908995
7.02017	-13.1975	-3.11402	0.465941	7.04935	-13.1606	7.05	-13.15	-2.72695	0.908987
6.84756	-13.1683	-3.10061	0.44344	6.79473	-13.0433	6.85	-13.15	-3.63709	0
6.66336	-13.1514	-3.15096	0.417804	6.65123	-13.1604	6.65	-13.15	-3.63709	0
6.49789	-13.1059	-3.29735	0.757822	6.54114	-13.2079	6.5	-13.1	-3.0006	1.00018
6.34537	-13.0588	-3.25	0.786335	6.35317	-13.0396	6.35	-13.05	-3.0006	1.00019
6.19498	-13.0873	-2.88476	-0.0621636	6.27012	-13.1139	6.25	-13.05	-1.81729	0
6.09033	-13.067	-2.6878	0.0212468	6.14459	-13.0471	6.15	-13.05	-1.81729	0
5.92172	-12.9772	-3.06468	1.04684	5.99498	-12.9442	6	-12.95	-2.72861	1.81906
5.81333	-12.8877	-2.84209	1.15219	5.86379	-12.8408	5.85	-12.85	-2.72861	1.81907
5.67656	-12.8327	-2.81916	1.13451	5.73761	-12.8672	5.7	-12.8	-2.99988	0.999964
5.54566	-12.768	-2.77995	1.15816	5.55118	-12.7486	5.55	-12.75	-2.99985	0.999954
5.41592	-12.7308	-2.67682	0.90999	5.45236	-12.7392	5.45	-12.7	-2.00001	1
5.31919	-12.6678	-2.53946	0.968653	5.35556	-12.6423	5.35	-12.65	-1.99998	0.999994
5.18818	-12.5792	-2.67713	1.43461	5.26451	-12.5511	5.25	-12.55	-1.99732	1.99733
5.09854	-12.4831	-2.51029	1.5121	5.13769	-12.4355	5.15	-12.45	-1.9973	1.9973
4.97084	-12.4005	-2.50167	1.58436	5.1317	-12.5744	5.05	-12.35	-1.8206	1.82059
4.89142	-12.2863	-2.28706	1.67489	4.94432	-12.2438	4.95	-12.25	-1.82058	1.82058
4.76881	-12.1388	-2.51699	2.44329	4.89215	-12.1623	4.85	-12.1	-1.9998	2.99969
4.69702	-11.993	-2.317	2.52321	4.75047	-11.9578	4.75	-11.95	-1.9998	2.9997
4.60298	-11.9059	-2.08269	1.96774	4.6421	-11.7788	4.7	-11.85	-1.00002	2.00003
4.56669	-11.7816	-1.83346	2.0598	4.63967	-11.7513	4.65	-11.75	-1.00001	2.00002
4.47365	-11.6386	-1.95923	2.53458	4.58347	-11.632	4.6	-11.6	-0.998955	2.99688
4.46462	-11.4815	-1.63408	2.64726	4.56619	-11.4576	4.55	-11.45	-0.99896	2.99689
4.39108	-11.3325	-1.62762	2.77453	4.46846	-11.2092	4.5	-11.3	-1.00106	3.00319
4.38038	-11.1683	-1.36897	2.86923	4.46017	-11.1425	4.45	-11.15	-1.00106	3.00319
4.34365	-11.0782	-0.99049	2.01168	4.43672	-11.0976	4.45	-11.05	0	1.8168
4.35743	-10.9488	-0.743905	2.08952	4.43803	-10.9525	4.45	-10.95	0	1.81679
4.32076	-10.8074	-0.837775	2.46975	4.40556	-10.7068	4.45	-10.8	0	3.00139
4.35804	-10.661	-0.55147	2.56591	4.45507	-10.6618	4.45	-10.65	0	3.00138
4.36435	-10.5769	-0.249438	1.98152	4.44716	-10.5583	4.45	-10.55	0	2.00041
4.39845	-10.4596	-0.0785711	2.05085	4.45187	-10.4417	4.45	-10.45	0	2.00038
4.39769	-10.333	-0.121701	2.26937	4.45602	-10.2142	4.5	-10.3	0.999584	2.99875
4.46903	-10.1839	0.164916	2.39994	4.55349	-10.1343	4.55	-10.15	0.999574	2.99871
4.47958	-10.0291	0.0939076	2.65354	4.56608	-10.005	4.55	-10	0	2.72717
4.52164	-9.86516	0.230142	2.72005	4.55922	-9.84124	4.55	-9.85	0	2.72714
4.5643	-9.73771	0.473546	2.36791	4.62339	-9.6559	4.65	-9.7	1.8193	2.72895
4.66514	-9.57229	0.748245	2.50272	4.7439	-9.53522	4.75	-9.55	1.81929	2.72894
4.70076	-9.41435	0.648769	2.80433	4.74852	-9.27389	4.8	-9.4	1.00006	3.00019
4.78296	-9.2531	0.829234	2.89144	4.8446	-9.24095	4.85	-9.25	1.00005	3.00015
4.88463	-9.16786	1.37477	2.10296	4.98605	-9.20516	4.95	-9.15	2.00004	2.00005
4.98485	-9.04666	1.48998	2.1667	5.02283	-9.03066	5.05	-9.05	2.00004	2.00004
5.03618	-8.90069	1.17786	2.68155	5.12819	-8.95913	5.1	-8.9	0.999704	2.99911
5.11734	-8.7521	1.26063	2.73582	5.14109	-8.73073	5.15	-8.75	0.999689	2.99907
5.23539	-8.65654	1.73042	2.08546	5.33883	-8.81618	5.25	-8.65	1.81848	1.81849
5.34015	-8.54418	1.76094	2.08641	5.36408	-8.56805	5.35	-8.55	1.81846	1.81846
5.40374	-8.40391	1.48496	2.48905	5.38848	-8.31037	5.45	-8.4	2.00068	3.00103
5.50434	-8.26419	1.58035	2.55155	5.53874	-8.25196	5.55	-8.25	2.00066	3.00099
5.62026	-8.16411	1.98039	2.09362	5.56632	-8.04704	5.65	-8.15	1.99952	1.99953
5.7299	-8.05384	2.01796	2.11775	5.7459	-8.05196	5.75	-8.05	1.9995	1.9995
5.80909	-7.93137	1.80304	2.34767	5.78426	-7.91676	5.8	-7.95	0.999944	1.99989
5.87274	-7.83924	1.70263	2.25525	5.84978	-7.88144	5.85	-7.85	0.999939	1.99988
5.96813	-7.7372	1.84222	2.09103	5.92249	-7.69769	5.95	-7.75	1.99772	1.99772
6.05147	-7.63944	1.80981	2.06395	6.04031	-7.64732	6.05	-7.65	1.99771	1.9977
6.16023	-7.53539	1.91357	1.95027	6.16773	-7.55437	6.15	-7.55	1.8199	1.8199
6.25257	-7.43951	1.86643	1.90705	6.23866	-7.45306	6.25	-7.45	1.8199	1.81991
6.37993	-7.36212	2.27586	1.53167	6.25322	-7.17734	6.4	-7.35	2.99605	1.99736
6.51913	-7.26588	2.36627	1.61058	6.55461	-7.24907	6.55	-7.25	2.99605	1.99736
6.65898	-7.18879	2.48037	1.49052	6.67172	-7.23041	6.65	-7.2	1.8206	0.910303
6.77192	-7.12975	2.39522	1.40278	6.74664	-7.15616	6.75	-7.15	1.8206	0.910298
6.85231	-7.03357	1.98855	1.74672	6.79888	-6.99594	6.85	-7.05	1.99848	1.99848
6.95021	-6.95066	1.98072	1.73205	6.95342	-6.96092	6.95	-6.95	1.99846	1.99846
7.09347	-6.87703	2.32036	1.46073	7.17955	-6.9446	7.1	-6.85	2.72688	1.81792
7.24041	-6.7688	2.39512	1.56174	7.24929	-6.7261	7.25	-6.75	2.72688	1.81792
7.34124	-6.66331	2.00651	1.8679	7.42782	-6.72337	7.35	-6.65	1.81821	1.81821
7.45704	-6.55459	2.02605	1.89104	7.46332	-6.54842	7.45	-6.55	1.81821	1.81821
7.58527	-6.47093	2.26163	1.67572	7.54452	-6.5069	7.55	-6.5	1.81726	0.908632
7.68008	-6.4181	2.15272	1.52752	7.65373	-6.46481	7.65	-6.45	1.81726	0.908632
7.83587	-6.36674	2.59031	1.17898	7.8635	-6.45394	7.8	-6.4	2.72951	0.909839
7.96112	-6.32312	2.52893	1.09795	7.94162	-6.34466	7.95	-6.35	2.72948	0.909826
8.03488	-6.23593	1.99163	1.46386	7.89525	-6.11857	8.05	-6.25	2.00047	2.00048
8.13398	-6.15738	1.99414	1.48019	8.12355	-6.14389	8.15	-6.15	2.00048	2.00048
8.26526	-6.0785	2.19714	1.38724	8.31423	-6.05705	8.3	-6.05	2.72702	1.81801
8.40928	-5.98112	2.27373	1.47386	8.45315	-5.97158	8.45	-5.95	2.727	1.818
8.52016	-5.90498	2.23344	1.50287	8.53167	-5.90349	8.55	-5.9	2.00127	1.00064
8.63397	-5.83002	2.23914	1.50439	8.64207	-5.83392	8.65	-5.85	2.00128	1.00064
8.77577	-5.76643	2.5265	1.35437	8.88764	-5.82241	8.8	-5.75	2.99963	1.99976
8.9195	-5.67318	2.58761	1.45204	8.94256	-5.64534	8.95	-5.65	2.99961	1.99974
9.02446	-5.58541	2.18891	1.68698	9.21669	-5.64514	9.05	-5.55	1.99699	1.997
9.14507	-5.47985	2.22972	1.76539	9.15342	-5.45253	9.15	-5.45	1.997	1.99701
9.24704	-5.37055	2.01587	1.88384	9.16723	-5.29709	9.25	-5.35	1.8166	1.81659
9.3596	-5.25563	2.02581	1.92269	9.34852	-5.23619	9.35	-5.25	1.8166	1.81659
9.45979	-5.14519	1.9317	1.9674	9.39027	-5.1041	9.45	-5.15	1.8222	1.82219
9.5587	-5.04443	1.90982	1.93797	9.54207	-5.04728	9.55	-5.05	1.82219	1.82219
9.67929	-4.96655	2.24744	1.74926	9.62802	-5.02338	9.65	-5	1.99604	0.998028
9.77456	-4.91038	2.18845	1.6296	9.75	-4.94288	9.75	-4.95	1.99605	0.998028
9.86049	-4.81538	1.78007	1.77636	9.88102	-4.86216	9.85	-4.85	1.81895	1.81894
9.94999	-4.73855	1.74916	1.69937	9.94502	-4.76247	9.95	-4.75	1.81894	1.81894
10.0281	-4.6354	1.50456	1.81296	10.0747	-4.62454	10.05	-4.6	1.81966	2.72951
10.1266	-4.49631	1.5622	1.95907	10.1384	-4.4533	10.15	-4.45	1.81965	2.72948
10.2211	-4.38498	1.67668	1.93968	10.1743	-4.32841	10.25	-4.35	1.81908	1.81907
10.3235	-4.266	1.70715	1.98893	10.3492	-4.25956	10.35	-4.25	1.81908	1.81907
10.4139	-4.16091	1.67841	2.02906	10.56	-4.15868	10.45	-4.1	2.00061	3.0009
10.5203	-4.01018	1.75228	2.21549	10.5557	-3.96034	10.55	-3.95	2.0006	3.0009
10.6405	-3.8987	2.06078	2.15762	10.7738	-3.89129	10.65	-3.85	1.99963	1.99964
10.7467	-3.77255	2.07531	2.22373	10.7394	-3.74821	10.75	-3.75	1.99962	1.99962
10.7725	-3.64349	1.12905	2.48845	10.7674	-3.58281	10.8	-3.6	0.999844	2.99952
10.8424	-3.47931	1.17386	2.63704	10.8596	-3.4348	10.85	-3.45	0.999834	2.99949
10.9575	-3.35383	1.85396	2.48579	10.9601	-3.36033	10.95	-3.35	2.00065	2.00064
11.0485	-3.23918	1.84712	2.45063	11.0504	-3.25128	11.05	-3.25	2.00064	2.00064
11.0762	-3.10791	1.08267	2.61061	11.0282	-3.07488	11.1	-3.1	0.998546	2.99563
11.1379	-2.9604	1.10408	2.67457	11.1569	-2.944	11.15	-2.95	0.998526	2.9956
11.134	-2.80713	0.315975	2.81858	11.1386	-2.78926	11.15	-2.8	0	2.73104
11.1495	-2.65234	0.311537	2.81772	11.141	-2.65084	11.15	-2.65	0	2.73102
11.1548	-2.50334	0.204611	2.80683	11.1042	-2.54354	11.15	-2.55	0	1.81785
11.1562	-2.40266	0.171576	2.60837	11.1497	-2.45904	11.15	-2.45	0	1.81785
11.2552	-2.27611	1.29605	2.45601	11.1658	-2.25651	11.25	-2.25	1.99733	3.99465
11.3328	-2.10368	1.33336	2.6409	11.3591	-2.05184	11.35	-2.05	1.99733	3.99465
11.3399	-1.95581	0.544229	2.72623	11.3117	-1.92025	11.35	-1.95	0	1.81854
11.3633	-1.83593	0.52565	2.61451	11.3504	-1.8663	11.35	-1.85	0	1.81853
11.3747	-1.6929	0.292447	2.63221	11.4185	-1.70062	11.35	-1.7	0	2.72762
11.3851	-1.54165	0.280096	2.65419	11.3568	-1.53205	11.35	-1.55	0	2.72762
11.3221	-1.39765	-0.621836	2.70333	11.2541	-1.38373	11.3	-1.4	-0.908846	2.72653
11.2797	-1.24718	-0.640152	2.70751	11.2429	-1.24238	11.25	-1.25	-0.908846	2.72653
11.1808	-1.10123	-1.34796	2.72885	11.0754	-1.08747	11.15	-1.1	-1.82014	2.73021
11.0976	-0.94064	-1.36798	2.7658	11.0544	-0.927069	11.05	-0.949999	-1.82013	2.73021
11.0305	-0.800916	-1.29697	2.76774	10.9247	-0.791254	11	-0.799999	-1.00036	3.00107
10.962	-0.65241	-1.30452	2.80448	10.9434	-0.640459	10.95	-0.65	-1.00035	3.00104
10.8432	-0.515353	-1.898	2.7972	10.7146	-0.485949	10.85	-0.5	-2.00003	3.00006
10.7482	-0.369433	-1.89848	2.81963	10.7471	-0.362528	10.75	-0.35	-2.00002	3.00003
10.6535	-0.22516	-1.79394	2.77935	10.6895	-0.304531	10.65	-0.3	-1.81779	0.908892
10.5533	-0.165729	-1.78866	2.4327	10.547	-0.266677	10.55	-0.25	-1.81778	0.908893
10.4029	-0.0670577	-2.58744	2.33312	10.5032	-0.154501	10.4	-0.15	-3.00061	2.00041
10.2697	0.00424561	-2.59083	2.16402	10.2485	-0.0475524	10.25	-0.0499992	-3.0006	2.00041
10.1759	0.0911152	-2.1276	2.09418	10.1407	-0.0721585	10.15	-0.0499992	-1.99645	0
10.065	0.0821888	-2.12287	1.66915	10.0313	-0.0518611	10.05	-0.0499992	-1.99644	0
9.92623	0.144667	-2.49125	1.54812	10.0898	-0.00166396	9.9	9.49949e-07	-2.73175	0.910584
9.78401	0.143486	-2.49474	1.2258	9.74695	0.0464954	9.75	0.0500011	-2.73174	0.910584
9.62168	0.184087	-2.89589	1.13573	9.50401	0.0833188	9.6	0.100001	-2.99544	0.998471
9.47451	0.199064	-2.89652	0.978463	9.45825	0.149456	9.45	0.15	-2.99545	0.998471
9.36691	0.242185	-2.18788	0.957409	9.22819	0.16178	9.35	0.15	-1.81963	0
9.2482	0.222137	-2.17802	0.684566	9.24456	0.139817	9.25	0.15	-1.81962	0
9.09151	0.245659	-2.75519	0.628374	9.0729	0.205961	9.1	0.2	-3.00059	1.0002
8.95567	0.265085	-2.7502	0.583227	8.96281	0.250937	8.95	0.25	-3.0006	1.0002
8.81007	0.287005	-2.86845	0.551745	8.84168	0.257617	8.8	0.25	-2.99995	0
8.66561	0.283845	-2.86782	0.435251	8.65606	0.24536	8.65	0.25	-2.99994	0
8.51918	0.295344	-2.86079	0.395788	8.43549	0.247188	8.5	0.25	-2.99323	0
8.37072	0.287241	-2.86904	0.289538	8.34184	0.250769	8.35	0.25	-2.9932	0
8.23037	0.291826	-2.67943	0.25094	8.27073	0.243988	8.2	0.25	-2.73233	0
8.07589	0.285905	-2.69464	0.175827	8.03847	0.260731	8.05	0.25	-2.73234	0
7.93407	0.27533	-2.81183	0.096854	7.98053	0.204587	7.9	0.2	-3.00234	-1.00078
7.78454	0.223705	-2.82662	-0.11976	7.73327	0.149199	7.75	0.15	-3.00231	-1.00077
7.61997	0.202444	-3.0342	-0.183116	7.46173	0.143776	7.6	0.15	-2.99599	0
7.46611	0.174603	-3.03742	-0.255227	7.45455	0.149294	7.45	0.15	-2.99596	0
7.37186	0.144338	-2.1385	-0.306622	7.37986	0.0951006	7.35	0.100001	-1.81801	-0.908998
7.25698	0.0958019	-2.1316	-0.429678	7.26713	0.055036	7.25	0.0500011	-1.81801	-0.908998
7.11158	0.0445176	-2.59025	-0.540808	7.32548	-0.0461763	7.1	-0.0499995	-2.72495	-1.81664
6.96261	-0.0500765	-2.60551	-0.794018	6.93127	-0.133333	6.95	-0.15	-2.72492	-1.81662
6.93137	-0.147569	-1.3433	-1.02812	7.09668	-0.264116	6.9	-0.25	-0.910634	-1.82126
6.85535	-0.264293	-1.35329	-1.26505	6.84796	-0.34284	6.85	-0.35	-0.910622	-1.82124
6.6826	-0.342224	-2.60803	-1.26649	6.64638	-0.45061	6.7	-0.45	-2.99641	-1.99759
6.5497	-0.46013	-2.62304	-1.48182	6.54772	-0.536719	6.55	-0.549999	-2.99637	-1.99757
6.50056	-0.612534	-1.42543	-1.85648	6.50462	-0.718	6.5	-0.7	-0.909955	-2.72986
6.42507	-0.770908	-1.43433	-2.07927	6.45451	-0.851695	6.45	-0.85	-0.909955	-2.72986
6.39158	-0.920401	-0.955452	-2.31935	6.42547	-0.999512	6.4	-1	-0.999224	-2.99766
6.34169	-1.08619	-0.981062	-2.51624	6.3554	-1.1624	6.35	-1.15	-0.99921	-2.99763
6.27609	-1.24508	-1.03104	-2.59739	6.14523	-1.27904	6.3	-1.3	-0.908722	-2.72618
6.21821	-1.41401	-1.04729	-2.69974	6.2299	-1.45381	6.25	-1.45	-0.908718	-2.72616
6.26684	-1.61318	0.228011	-3.16048	6.37158	-1.60661	6.3	-1.6	0.910485	-2.73144
6.29455	-1.76861	0.275383	-3.08556	6.34473	-1.75136	6.35	-1.75	0.910481	-2.73144
6.29881	-1.90534	0.11208	-2.9691	6.34	-1.88987	6.35	-1.9	0	-2.99515
6.31631	-2.04446	0.146179	-2.92792	6.35828	-2.03886	6.35	-2.05	0	-2.99515
6.32452	-2.19987	0.0691811	-2.87616	6.45002	-2.23466	6.35	-2.2	0	-2.72856
6.33231	-2.35028	0.084442	-2.84549	6.34057	-2.34076	6.35	-2.35	0	-2.72854
6.38465	-2.53281	0.621031	-3.10407	6.4979	-2.56206	6.4	-2.5	0.908227	-2.7247
6.43108	-2.67994	0.669492	-3.01038	6.45265	-2.65056	6.45	-2.65	0.908223	-2.72467
6.42418	-2.80724	0.0730103	-2.65241	6.46538	-2.81029	6.45	-2.8	0	-2.72732
6.43623	-2.94515	0.0994963	-2.61944	6.45762	-2.94003	6.45	-2.95	0	-2.7273
6.48733	-3.13136	0.767679	-3.04073	6.36717	-3.08903	6.5	-3.15	0.909078	-3.6363
6.52867	-3.31278	0.753841	-3.09234	6.54349	-3.33906	6.55	-3.35	0.90907	-3.63626
6.57045	-3.48487	0.721999	-3.08309	6.6454	-3.53435	6.6	-3.5	0.910038	-2.7301
6.61963	-3.65545	0.745547	-3.082	6.65608	-3.67065	6.65	-3.65	0.910033	-2.7301
6.65922	-3.81524	0.675904	-3.0037	6.70981	-3.81998	6.7	-3.8	0.908095	-2.7243
6.71118	-3.96682	0.726558	-2.94724	6.74422	-3.95901	6.75	-3.95	0.908091	-2.72428
6.74387	-4.10906	0.608252	-2.81068	6.72525	-4.05329	6.8	-4.1	0.910949	-2.73284
6.79439	-4.25256	0.663039	-2.76345	6.83817	-4.25449	6.85	-4.25	0.910945	-2.73284
6.81998	-4.3651	0.488642	-2.56356	6.86491	-4.32753	6.9	-4.35	0.999834	-1.99968
6.87641	-4.46645	0.596459	-2.45192	6.94879	-4.45387	6.95	-4.45	0.999829	-1.99966
6.96418	-4.62231	1.28534	-2.90655	6.99339	-4.57763	7.05	-4.6	1.99653	-2.99479
7.05868	-4.75322	1.37723	-2.83676	7.14339	-4.76622	7.15	-4.75	1.99653	-2.99479
7.10568	-4.85875	1.03536	-2.5099	7.11889	-4.79341	7.2	-4.85	1.00098	-2.00196
7.18862	-4.9585	1.14075	-2.40376	7.25883	-4.94719	7.25	-4.95	1.00097	-2.00194
7.25175	-5.08678	1.11616	-2.36993	7.28536	-5.09276	7.3	-5.1	0.90969	-2.72906
7.31598	-5.22513	1.11757	-2.39483	7.33925	-5.24908	7.35	-5.25	0.909677	-2.72904
7.41908	-5.38352	1.75409	-2.88452	7.33914	-5.30864	7.45	-5.4	1.99976	-2.99964
7.51513	-5.53115	1.77356	-2.88953	7.5499	-5.55354	7.55	-5.55	1.99976	-2.99964
7.56069	-5.63389	1.19318	-2.40861	7.59167	-5.64447	7.6	-5.65	1.00038	-2.00076
7.62982	-5.74377	1.22796	-2.36823	7.64483	-5.73357	7.65	-5.75	1.00037	-2.00074
7.7197	-5.89198	1.55218	-2.62359	7.6402	-5.81769	7.75	-5.9	1.81659	-2.7249
7.81421	-6.03615	1.57787	-2.61681	7.84396	-6.051	7.85	-6.05	1.81659	-2.7249
7.85982	-6.13719	1.01588	-2.12814	7.91394	-6.15143	7.9	-6.15	0.909251	-1.81851
7.92511	-6.25114	1.04488	-2.11211	7.95018	-6.25957	7.95	-6.25	0.909247	-1.81849
8.01487	-6.38321	1.36537	-2.33377	8.10134	-6.38026	8.05	-6.35	1.81576	-1.81577
8.11878	-6.48206	1.46924	-2.22083	8.15891	-6.45832	8.15	-6.45	1.81577	-1.81577
8.22951	-6.62049	1.7541	-2.42404	8.3424	-6.65648	8.25	-6.6	1.8218	-2.73269
8.32898	-6.7499	1.76586	-2.41041	8.33273	-6.74641	8.35	-6.75	1.8218	-2.73269
8.40611	-6.87078	1.49901	-2.20748	8.46635	-6.96022	8.4	-6.9	0.907987	-2.72401
8.4677	-7.01631	1.42181	-2.29665	8.44383	-7.03914	8.45	-7.05	0.907988	-2.72398
8.54074	-7.15137	1.39214	-2.32183	8.53661	-7.23635	8.5	-7.2	0.910054	-2.73014
8.58488	-7.32078	1.26875	-2.47334	8.55761	-7.36836	8.55	-7.35	0.910046	-2.73012
8.65797	-7.45339	1.36308	-2.55816	8.70486	-7.48959	8.65	-7.45	1.99827	-1.99828
8.73938	-7.56776	1.41119	-2.50712	8.7565	-7.55536	8.75	-7.55	1.99828	-1.99828
8.80764	-7.69988	1.33277	-2.44673	8.74707	-7.66927	8.8	-7.7	0.909061	-2.72717
8.86823	-7.84609	1.28758	-2.49096	8.85031	-7.85391	8.85	-7.85	0.909053	-2.72715
8.93028	-7.9786	1.21064	-2.4339	8.88546	-7.96913	8.9	-8	0.908945	-2.72688
8.97389	-8.13806	1.12527	-2.52701	8.95085	-8.16397	8.95	-8.15	0.908953	-2.72687
9.03575	-8.2725	1.11652	-2.50202	9.03618	-8.239	9.05	-8.25	1.82026	-1.82027
9.12484	-8.37937	1.2198	-2.39135	9.15149	-8.34807	9.15	-8.35	1.82025	-1.82026
9.20239	-8.51407	1.45627	-2.61229	9.14011	-8.44049	9.2	-8.5	0.999884	-2.99963
9.25942	-8.65379	1.40431	-2.65095	9.22902	-8.65053	9.25	-8.65	0.999874	-2.9996
9.32038	-8.77948	1.33613	-2.59252	9.23666	-8.722	9.3	-8.8	0.999284	-2.99783
9.37331	-8.92699	1.28203	-2.65496	9.36398	-8.95164	9.35	-8.95	0.999284	-2.99784
9.41299	-9.04234	0.85176	-2.23199	9.47823	-9.13791	9.4	-9.05	0.909209	-1.81844
9.45344	-9.16612	0.832315	-2.23938	9.43696	-9.1575	9.45	-9.15	0.90921	-1.81843
9.50861	-9.30329	0.991109	-2.41455	9.44585	-9.27158	9.5	-9.3	0.908483	-2.72543
9.55234	-9.44554	0.952508	-2.4494	9.53884	-9.45193	9.55	-9.45	0.908475	-2.72542
9.61423	-9.59218	1.03451	-2.54185	9.6872	-9.68187	9.6	-9.6	0.909756	-2.72927
9.66747	-9.74057	1.01748	-2.56972	9.67284	-9.75791	9.65	-9.75	0.909739	-2.72923
9.73535	-9.89229	1.16531	-2.74428	9.86489	-10.0711	9.7	-9.9	0.998626	-2.99586
9.77521	-10.0427	1.1015	-2.79498	9.74713	-10.0467	9.75	-10.05	0.998616	-2.99584
9.79829	-10.1596	0.652783	-2.33105	9.75497	-10.1932	9.75	-10.2	0	-2.72857
9.79151	-10.3271	0.497561	-2.47351	9.74697	-10.3629	9.75	-10.35	0	-2.72854
9.83062	-10.4807	0.685559	-2.6962	9.77249	-10.4428	9.8	-10.5	0.909773	-2.7293
9.86343	-10.6356	0.666136	-2.71873	9.86261	-10.6462	9.85	-10.65	0.909773	-2.7293
9.87647	-10.7619	0.379174	-2.41077	9.86786	-10.8223	9.85	-10.8	0	-2.72846
9.87085	-10.9184	0.282529	-2.49641	9.8455	-10.9408	9.85	-10.95	0	-2.72844
9.88442	-11.0607	0.287884	-2.52983	9.84594	-11.0973	9.85	-11.1	0	-2.72748
9.8684	-11.2264	0.172745	-2.62575	9.83549	-11.2481	9.85	-11.25	0	-2.72745
9.88299	-11.3727	0.251073	-2.7479	9.8926	-11.4631	9.85	-11.4	0	-2.9967
9.87746	-11.5326	0.179253	-2.82211	9.87136	-11.5692	9.85	-11.55	0	-2.99671
9.86487	-11.6613	-0.13305	-2.44534	9.89882	-11.7746	9.8	-11.7	-0.909227	-2.72768
9.80562	-11.8346	-0.319444	-2.58713	9.74749	-11.8623	9.75	-11.85	-0.909218	-2.72765
9.77479	-11.9633	-0.478954	-2.39744	9.75738	-12.0161	9.7	-12	-0.908714	-2.72613
9.70316	-12.1281	-0.641663	-2.5169	9.65408	-12.1513	9.65	-12.15	-0.908706	-2.7261
9.64448	-12.2346	-0.923602	-2.14286	9.60373	-12.2428	9.6	-12.25	-0.909639	-1.81931
9.57548	-12.3558	-0.98241	-2.16345	9.54006	-12.3354	9.55	-12.35	-0.90964	-1.8193
9.48846	-12.428	-1.35307	-1.65251	9.38815	-12.3607	9.45	-12.45	-1.81824	-1.81825
9.38575	-12.5348	-1.45235	-1.71306	9.35049	-12.5377	9.35	-12.55	-1.81823	-1.81823
9.28874	-12.6119	-1.69903	-1.3928	9.33568	-12.8372	9.2	-12.65	-2.72578	-1.81718
9.12523	-12.7313	-1.94843	-1.55011	9.04708	-12.7528	9.05	-12.75	-2.72576	-1.81717
9.01962	-12.825	-1.89682	-1.64956	8.97697	-12.8161	8.95	-12.85	-1.8192	-1.81921
8.88398	-12.9338	-2.0088	-1.71628	8.84904	-12.9423	8.85	-12.95	-1.81921	-1.81921
8.75964	-13.0123	-2.1229	-1.55936	8.64934	-12.9537	8.7	-13.05	-2.72781	-1.81854
8.59535	-13.1274	-2.29499	-1.66374	8.5479	-13.1496	8.55	-13.15	-2.7278	-1.81853
8.42487	-13.1306	-2.92238	-0.577046	8.43462	-13.263	8.4	-13.15	-2.72644	0
8.26446	-13.159	-2.91886	-0.568276	8.26001	-13.1483	8.25	-13.15	-2.72641	0
8.1077	-13.1626	-3.06848	-0.288584	8.10139	-13.1447	8.1	-13.15	-3.00083	0
7.9556	-13.1727	-3.06113	-0.277274	7.95138	-13.1593	7.95	-13.15	-3.00084	0
7.80346	-13.2223	-2.85791	-0.660267	7.85182	-13.2702	7.8	-13.2	-2.72553	-0.908516
7.6429	-13.2612	-2.87034	-0.668523	7.64076	-13.2654	7.65	-13.25	-2.72554	-0.908516
7.4598	-13.2283	-3.27607	0.174808	7.51359	-13.2891	7.5	-13.2	-2.72544	0.908483
7.32444	-13.1878	-3.1079	0.276211	7.35762	-13.1417	7.35	-13.15	-2.72544	0.908483
7.16467	-13.1941	-2.97947	0.0263885	7.19553	-13.2012	7.2	-13.15	-2.73035	0
7.029	-13.1763	-2.8763	0.0819199	7.05296	-13.1563	7.05	-13.15	-2.73035	0
6.86425	-13.1569	-2.97414	0.284949	6.87644	-13.2105	6.85	-13.15	-3.63616	0
6.68845	-13.1438	-3.01628	0.272382	6.672	-13.1364	6.65	-13.15	-3.63617	0
6.53699	-13.1676	-2.80748	-0.200107	6.53838	-13.1322	6.55	-13.15	-1.81656	0
6.42426	-13.1625	-2.65757	-0.140113	6.46904	-13.1587	6.45	-13.15	-1.81657	0
6.2603	-13.1154	-2.89841	0.450288	6.22921	-13.0167	6.3	-13.1	-2.73109	0.910352
6.13413	-13.0694	-2.7742	0.518247	6.15723	-13.0319	6.15	-13.05	-2.73109	0.91036
5.9582	-12.9629	-3.11189	1.38831	5.95573	-12.8757	6	-12.95	-2.72331	1.81553
5.82456	-12.8673	-2.97282	1.4525	5.85711	-12.8423	5.85	-12.85	-2.72331	1.81554
5.6765	-12.8228	-2.80805	1.06397	5.73901	-12.8863	5.7	-12.8	-2.72842	0.909475
5.53878	-12.7583	-2.74796	1.08628	5.5559	-12.7556	5.55	-12.75	-2.72839	0.909466
5.3798	-12.6631	-2.90015	1.5215	5.41889	-12.699	5.4	-12.65	-2.731	1.82067
5.23185	-12.57	-2.85589	1.54945	5.23681	-12.5467	5.25	-12.55	-2.731	1.82066
5.08347	-12.486	-2.81945	1.53442	5.16911	-12.5003	5.15	-12.45	-1.81821	1.8182
4.99019	-12.3774	-2.59378	1.61872	5.04959	-12.3548	5.05	-12.35	-1.8182	1.8182
4.87076	-12.2932	-2.57348	1.67798	4.99996	-12.3538	4.95	-12.25	-1.99957	1.99957
4.80683	-12.1812	-2.33397	1.77256	4.86969	-12.1416	4.85	-12.15	-1.99954	1.99955
4.71087	-12.1084	-2.18675	1.52548	4.83937	-12.0439	4.8	-12.05	-0.999954	1.99993
4.68786	-11.994	-1.86642	1.65346	4.77326	-11.9345	4.75	-11.95	-0.999959	1.99992
4.57651	-11.8381	-2.13413	2.46822	4.5839	-11.6711	4.65	-11.8	-2.0002	3.00031
4.50952	-11.6905	-1.98282	2.54296	4.54148	-11.6336	4.55	-11.65	-2.0002	3.0003
4.4411	-11.616	-1.68015	1.83988	4.53697	-11.5591	4.55	-11.55	0	1.99749
4.44948	-11.4902	-1.34093	1.96221	4.55238	-11.4548	4.55	-11.45	0	1.99746
4.36018	-11.2945	-1.66269	2.99007	4.47604	-11.2089	4.5	-11.25	-0.90916	3.63662
4.36133	-11.0943	-1.32289	3.11899	4.45629	-11.0538	4.45	-11.05	-0.909152	3.63659
4.3419	-11.0141	-0.782604	1.90646	4.39651	-10.8822	4.45	-10.95	0	1.81807
4.37623	-10.8829	-0.500949	2.00792	4.45899	-10.8664	4.45	-10.85	0	1.81808
4.35425	-10.7477	-0.564232	2.30891	4.493	-10.7885	4.45	-10.7	0	2.72865
4.38372	-10.5931	-0.340676	2.40756	4.44058	-10.5544	4.45	-10.55	0	2.72864
4.37585	-10.454	-0.299718	2.43273	4.44399	-10.3941	4.45	-10.4	0	2.72392
4.40425	-10.2942	-0.131194	2.52055	4.44086	-10.2469	4.45	-10.25	0	2.72391
4.41704	-10.1622	-0.0230579	2.42276	4.53204	-10.1814	4.5	-10.1	0.909624	2.72885
4.48405	-9.99485	0.229985	2.54585	4.54793	-9.94716	4.55	-9.95	0.909615	2.72884
4.51836	-9.85468	0.367392	2.42923	4.57622	-9.70975	4.6	-9.8	0.909111	2.72733
4.59443	-9.68914	0.57586	2.54265	4.64364	-9.63888	4.65	-9.65	0.909107	2.72732
4.65254	-9.55826	0.738187	2.38677	4.76627	-9.54952	4.75	-9.5	1.81921	2.7288
4.7581	-9.39694	0.975635	2.50486	4.82761	-9.37054	4.85	-9.35	1.81921	2.7288
4.82027	-9.24304	0.970599	2.63423	4.89701	-9.18082	4.9	-9.2	0.908739	2.72622
4.90971	-9.07511	1.10498	2.71802	4.94177	-9.04086	4.95	-9.05	0.908743	2.72623
5.01375	-8.97355	1.50272	2.14089	5.09012	-9.06486	5.05	-8.95	1.8169	1.81688
5.1153	-8.84735	1.57033	2.17645	5.1385	-8.8446	5.15	-8.85	1.81688	1.81688
5.20041	-8.71251	1.52076	2.30536	5.21345	-8.63875	5.25	-8.7	1.8201	2.73014
5.31119	-8.56817	1.62109	2.37277	5.33853	-8.54729	5.35	-8.55	1.82008	2.73013
5.40328	-8.44281	1.67985	2.28405	5.35874	-8.39385	5.4	-8.45	0.910244	1.82049
5.47643	-8.33392	1.60748	2.22445	5.46213	-8.36055	5.45	-8.35	0.910249	1.8205
5.5422	-8.20796	1.40264	2.48736	5.63723	-8.3352	5.55	-8.2	1.99657	2.99484
5.62539	-8.07335	1.45078	2.5251	5.63863	-8.05978	5.65	-8.05	1.99657	2.99485
5.74441	-7.96114	1.87307	2.06799	5.69655	-7.84304	5.75	-7.95	1.81871	1.81872
5.84535	-7.84922	1.86541	2.06135	5.84353	-7.85177	5.85	-7.85	1.81871	1.81871
5.97145	-7.75172	2.11454	1.80673	5.9537	-7.7033	6	-7.75	2.72961	1.81974
6.10687	-7.64723	2.17861	1.83779	6.14453	-7.66253	6.15	-7.65	2.72961	1.81974
6.21091	-7.54397	2.07676	1.97576	6.27	-7.55894	6.25	-7.55	1.9992	1.9992
6.32342	-7.44083	2.10614	1.99592	6.3386	-7.44193	6.35	-7.45	1.99918	1.99918
6.4404	-7.33092	2.11468	1.99249	6.44365	-7.32743	6.45	-7.35	1.81911	1.81911
6.549	-7.23361	2.08349	1.95029	6.54947	-7.257	6.55	-7.25	1.81909	1.81909
6.66033	-7.14601	2.1468	1.87764	6.71635	-7.22979	6.65	-7.15	1.99996	1.99996
6.76552	-7.04805	2.14325	1.88733	6.7522	-7.03215	6.75	-7.05	1.99996	1.99996
6.89	-6.97359	2.3971	1.63308	6.81357	-6.96259	6.85	-7	1.99752	0.998765
6.98533	-6.91419	2.30939	1.54394	6.95051	-6.93564	6.95	-6.95	1.99752	0.998765
7.10732	-6.82965	2.31623	1.51833	7.00414	-6.76319	7.1	-6.85	2.73035	1.82023
7.23976	-6.74638	2.33156	1.52245	7.25571	-6.75585	7.25	-6.75	2.73035	1.82023
7.33528	-6.65386	2.11014	1.70405	7.28718	-6.59248	7.35	-6.65	2.0006	2.0006
7.4402	-6.56359	2.11204	1.7189	7.42947	-6.54884	7.45	-6.55	2.00058	2.00058
7.56796	-6.49434	2.3643	1.52085	7.58756	-6.53752	7.55	-6.5	1.99841	0.999204
7.67309	-6.43147	2.31837	1.46804	7.65263	-6.44325	7.65	-6.45	1.99838	0.999195
7.83159	-6.38501	2.83969	1.09082	7.78988	-6.37954	7.8	-6.4	2.99952	0.999844
7.96765	-6.33605	2.81949	1.06804	7.95705	-6.33998	7.95	-6.35	2.99949	0.999829
8.05109	-6.24326	1.95762	1.62561	8.1289	-6.31809	8.05	-6.25	1.81603	1.81603
8.15855	-6.15049	1.95858	1.63573	8.15184	-6.14215	8.15	-6.15	1.81603	1.81603
8.251	-6.04965	1.83803	1.71921	8.12981	-5.95044	8.25	-6.05	1.81921	1.81921
8.35135	-5.9548	1.83634	1.7198	8.34844	-5.95288	8.35	-5.95	1.81921	1.81921
8.51895	-5.894	2.63154	1.23728	8.45627	-5.87026	8.5	-5.9	2.729	0.909673
8.6571	-5.83271	2.60996	1.21026	8.64546	-5.83668	8.65	-5.85	2.72898	0.909661
8.78658	-5.7575	2.4982	1.27799	8.68227	-5.68169	8.8	-5.75	2.72771	1.81848
8.93521	-5.67253	2.53669	1.33493	8.95179	-5.66017	8.95	-5.65	2.72772	1.81848
9.0202	-5.58186	2.0551	1.61179	8.99196	-5.51961	9.05	-5.55	1.99939	1.9994
9.13669	-5.4786	2.10381	1.69742	9.15234	-5.45358	9.15	-5.45	1.9994	1.9994
9.25656	-5.39052	2.16093	1.65484	9.25593	-5.41629	9.25	-5.4	1.81776	0.90888
9.36323	-5.31847	2.11908	1.58226	9.3462	-5.33648	9.35	-5.35	1.81776	0.908875
9.41641	-5.20534	1.40402	1.92577	9.35852	-5.15981	9.45	-5.2	1.81545	2.72317
9.5128	-5.0797	1.46315	2.00533	9.55586	-5.07162	9.55	-5.05	1.81542	2.72314
9.6216	-4.97092	1.78404	1.89697	9.60543	-4.91132	9.65	-4.95	1.82145	1.82147
9.73102	-4.85058	1.82113	1.96002	9.75218	-4.8384	9.75	-4.85	1.82146	1.82146
9.84618	-4.75134	1.9151	1.91285	10.0131	-4.84834	9.85	-4.75	1.81961	1.8196
9.95106	-4.65196	1.91146	1.89291	9.9571	-4.66087	9.95	-4.65	1.8196	1.8196
10.0456	-4.55441	1.91815	1.89867	9.99977	-4.51909	10.05	-4.55	1.99827	1.99828
10.1474	-4.44774	1.93755	1.94283	10.1558	-4.43582	10.15	-4.45	1.99826	1.99826
10.2239	-4.327	1.60267	2.08046	10.1567	-4.25503	10.25	-4.3	1.81693	2.72538
10.3212	-4.19024	1.63443	2.16362	10.3312	-4.16698	10.35	-4.15	1.81692	2.72536
10.4339	-4.07455	1.93278	2.07469	10.3715	-4.04505	10.45	-4.05	1.81951	1.8195
10.5453	-3.95042	1.94931	2.1132	10.5551	-3.94162	10.55	-3.95	1.8195	1.81951
10.6491	-3.83565	1.91321	2.11516	10.6459	-3.84961	10.65	-3.85	1.81817	1.81818
10.75	-3.73221	1.89838	2.06728	10.746	-3.7455	10.75	-3.75	1.81816	1.81817
10.8478	-3.61739	1.77143	2.10255	10.9384	-3.6422	10.85	-3.6	1.81621	2.7243
10.95	-3.47753	1.79053	2.19042	10.9457	-3.45027	10.95	-3.45	1.8162	2.7243
10.9936	-3.34393	1.07501	2.37973	11.1095	-3.32648	11	-3.3	0.908632	2.72588
11.0552	-3.18869	1.08809	2.46748	11.0435	-3.16012	11.05	-3.15	0.908632	2.72588
11.1016	-3.0426	0.981611	2.51991	10.9851	-2.95299	11.1	-3	0.909905	2.72971
11.1589	-2.8818	0.995108	2.6014	11.1542	-2.85724	11.15	-2.85	0.909888	2.72968
11.1465	-2.72992	0.265044	2.73599	11.0233	-2.67356	11.15	-2.7	0	2.72847
11.1568	-2.57111	0.257148	2.76436	11.1324	-2.55807	11.15	-2.55	0	2.72844
11.1629	-2.41775	0.112054	2.7915	11.2541	-2.42353	11.15	-2.4	0	2.72732
11.1666	-2.26572	0.106119	2.78508	11.1569	-2.2658	11.15	-2.25	0	2.72732
11.2727	-2.11164	1.32366	2.65482	11.2203	-2.08998	11.25	-2.1	1.81905	2.72856
11.3471	-1.95573	1.32874	2.69163	11.3482	-1.94557	11.35	-1.95	1.81905	2.72856
11.2896	-1.81007	-0.281203	2.82584	11.3928	-1.80815	11.3	-1.8	-0.90916	2.72747
11.268	-1.64968	-0.294422	2.84199	11.2389	-1.64141	11.25	-1.65	-0.909152	2.72745
11.2704	-1.49504	-0.104509	2.82292	11.3341	-1.51762	11.25	-1.5	0	2.72321
11.2639	-1.34396	-0.106433	2.80659	11.2625	-1.34833	11.25	-1.35	0	2.72321
11.2074	-1.19247	-0.770665	2.83279	11.3121	-1.19064	11.2	-1.2	-0.909524	2.72856
11.1627	-1.04597	-0.776014	2.79831	11.1556	-1.0549	11.15	-1.05	-0.909524	2.72856
11.0453	-0.898408	-1.64883	2.80451	10.9982	-0.893223	11.05	-0.9	-1.81945	2.72916
10.953	-0.738983	-1.65254	2.82356	10.9445	-0.73319	10.95	-0.75	-1.81942	2.72913
10.892	-0.580733	-1.26242	2.82798	10.8362	-0.586	10.9	-0.599999	-0.909839	2.72952
10.8255	-0.432894	-1.25591	2.80055	10.8388	-0.441032	10.85	-0.449999	-0.909822	2.72949
10.6532	-0.316897	-2.5689	2.70437	10.6309	-0.359954	10.7	-0.349999	-2.99538	1.99692
10.5294	-0.212595	-2.5562	2.58968	10.5529	-0.247121	10.55	-0.25	-2.99539	1.99691
10.4407	-0.0805744	-1.90845	2.55975	10.4322	-0.19515	10.45	-0.2	-1.81715	0.908579
10.3392	-0.0380026	-1.89024	2.1952	10.3505	-0.143257	10.35	-0.15	-1.81716	0.908579
10.1925	0.0490162	-2.42301	2.05527	10.2068	-0.109014	10.2	-0.0999996	-2.73194	0.910655
10.0604	0.0620809	-2.40991	1.6842	10.0541	-0.0441275	10.05	-0.0499992	-2.73194	0.910655
9.91491	0.130779	-2.55515	1.58876	9.89001	0.00816785	9.9	9.49949e-07	-2.72481	0.908268
9.77322	0.139888	-2.54953	1.29651	9.75876	0.0560308	9.75	0.0500011	-2.72477	0.90826
9.674	0.194924	-2.03507	1.24776	9.63528	0.0929341	9.65	0.100001	-1.81759	0.908784
9.56483	0.20852	-2.02369	1.04213	9.56967	0.149506	9.55	0.15	-1.81757	0.908775
9.42379	0.242795	-2.46344	0.940957	9.56225	0.148577	9.4	0.15	-2.72659	0
9.28365	0.225726	-2.46713	0.682551	9.25348	0.150166	9.25	0.15	-2.72658	0
9.13569	0.253098	-2.58991	0.64031	9.0821	0.207802	9.1	0.2	-2.72925	0.909752
8.9832	0.267493	-2.61053	0.561586	8.93575	0.243169	8.95	0.25	-2.72926	0.909752
8.83308	0.290728	-2.75361	0.527715	8.94634	0.26481	8.8	0.25	-2.72783	0
8.67562	0.289294	-2.76429	0.412602	8.64483	0.254352	8.65	0.25	-2.7278	0
8.52272	0.300283	-2.74583	0.367901	8.46866	0.251128	8.5	0.25	-2.72395	0
8.36983	0.287736	-2.74673	0.243496	8.35775	0.250149	8.35	0.25	-2.72395	0
8.2217	0.279034	-2.75317	0.157304	8.28111	0.196974	8.2	0.2	-2.73278	-0.910929
8.06464	0.226277	-2.76139	-0.0766316	8.03004	0.154113	8.05	0.15	-2.73279	-0.910929
7.84552	0.208704	-3.69731	-0.148286	7.74678	0.154598	7.85	0.15	-3.9992	0
7.65693	0.175894	-3.70364	-0.245801	7.63715	0.143302	7.65	0.15	-3.99916	0
7.57454	0.160595	-2.45161	-0.24026	7.61982	0.157052	7.55	0.15	-1.99868	0
7.44958	0.153705	-2.45648	-0.22038	7.43926	0.160393	7.45	0.15	-1.99866	0
7.2976	0.132148	-2.69357	-0.260478	7.34481	0.102019	7.3	0.100001	-2.72622	-0.908734
7.15303	0.0865056	-2.68485	-0.382355	7.16771	0.0463372	7.15	0.0500011	-2.72623	-0.908734
7.05165	0.03461	-2.12714	-0.50287	7.05721	-0.05037	7.05	-0.0499995	-1.81887	-1.81889
6.93787	-0.0593344	-2.12055	-0.762362	6.95035	-0.144849	6.95	-0.15	-1.81888	-1.81889
6.84397	-0.14085	-1.86172	-0.924217	6.87212	-0.243254	6.85	-0.25	-1.81792	-1.81792
6.74493	-0.259493	-1.85967	-1.19096	6.76317	-0.34818	6.75	-0.35	-1.81792	-1.81792
6.64674	-0.35838	-1.86601	-1.32343	6.75759	-0.453523	6.65	-0.45	-1.81881	-1.8188
6.54627	-0.483598	-1.87059	-1.53045	6.56412	-0.553924	6.55	-0.549999	-1.81879	-1.81878
6.46937	-0.62459	-1.6101	-1.77731	6.60439	-0.765755	6.45	-0.749999	-1.81971	-3.63941
6.37252	-0.815811	-1.65484	-2.14859	6.36344	-0.942514	6.35	-0.949999	-1.81969	-3.63937
6.38598	-1.00944	-0.414543	-2.65371	6.35624	-1.10001	6.35	-1.1	0	-2.99522
6.36105	-1.1858	-0.443176	-2.82613	6.36321	-1.25111	6.35	-1.25	0	-2.99519
6.344	-1.36578	-0.308019	-2.95309	6.30992	-1.40686	6.35	-1.4	0	-2.72817
6.33105	-1.53843	-0.304666	-2.99217	6.35537	-1.55723	6.35	-1.55	0	-2.72817
6.33546	-1.70925	-0.139306	-3.04452	6.50996	-1.74616	6.35	-1.7	0	-2.72628
6.33582	-1.85893	-0.108649	-2.97327	6.35448	-1.83673	6.35	-1.85	0	-2.72628
6.32578	-2.01385	-0.204653	-2.91085	6.38849	-2.02257	6.35	-2	0	-2.73154
6.32494	-2.15657	-0.167592	-2.84194	6.35078	-2.13767	6.35	-2.15	0	-2.73152
6.31911	-2.29761	-0.124892	-2.84974	6.28921	-2.27735	6.35	-2.3	0	-2.99503
6.31744	-2.43765	-0.112151	-2.83765	6.33355	-2.43768	6.35	-2.45	0	-2.99503
6.35854	-2.61834	0.512581	-3.13759	6.30986	-2.56694	6.4	-2.6	0.909996	-2.73
6.40548	-2.77015	0.575196	-3.05303	6.45623	-2.7536	6.45	-2.75	0.91	-2.73
6.44838	-2.93261	0.709727	-3.07415	6.40481	-2.87127	6.5	-2.9	0.907593	-2.72277
6.50931	-3.06433	0.795484	-2.92641	6.54629	-3.01951	6.55	-3.05	0.907584	-2.72274
6.53736	-3.21888	0.514806	-2.78676	6.70928	-3.32749	6.55	-3.25	0	-3.63617
6.55254	-3.40607	0.453535	-2.91537	6.54763	-3.45513	6.55	-3.45	0	-3.63613
6.59201	-3.58401	0.695159	-3.09281	6.52015	-3.55608	6.6	-3.6	0.909673	-2.72901
6.63601	-3.74568	0.7173	-3.06028	6.64571	-3.73674	6.65	-3.75	0.909661	-2.72898
6.68815	-3.90078	0.802578	-3.02992	6.71319	-3.83967	6.75	-3.85	1.81795	-1.81795
6.77867	-4.00377	0.9801	-2.78297	6.85201	-3.93663	6.85	-3.95	1.81793	-1.81793
6.87016	-4.17061	1.26709	-2.93079	7.13409	-4.28567	6.9	-4.15	0.909979	-3.63994
6.94413	-4.32863	1.28112	-2.91782	6.9548	-4.32855	6.95	-4.35	0.909975	-3.6399
6.97886	-4.4519	0.7889	-2.53316	7.00947	-4.44692	7	-4.45	0.907889	-1.81577
7.03653	-4.57192	0.843307	-2.45854	7.05586	-4.55105	7.05	-4.55	0.907881	-1.81576
7.10742	-4.72506	1.11754	-2.6538	7.15974	-4.75194	7.1	-4.7	0.909789	-2.72935
7.16458	-4.85923	1.11592	-2.61768	7.13261	-4.82718	7.15	-4.85	0.909777	-2.72933
7.26503	-5.0314	1.58571	-2.95742	7.2829	-5.01975	7.25	-5	1.81861	-2.72792
7.35602	-5.17747	1.60985	-2.90051	7.34301	-5.14642	7.35	-5.15	1.81859	-2.72789
7.40721	-5.30144	1.29481	-2.66782	7.32687	-5.26205	7.4	-5.3	0.999994	-3
7.46715	-5.44156	1.27607	-2.69295	7.46174	-5.44979	7.45	-5.45	0.999999	-3
7.53071	-5.57423	1.19664	-2.59081	7.47116	-5.48352	7.55	-5.55	1.81749	-1.81749
7.62324	-5.68553	1.29598	-2.4722	7.65989	-5.6552	7.65	-5.65	1.81747	-1.81747
7.69005	-5.81202	1.17337	-2.35432	7.78563	-5.85993	7.7	-5.8	0.909598	-2.72881
7.75163	-5.94785	1.16014	-2.37683	7.75276	-5.95823	7.75	-5.95	0.909594	-2.72878
7.82237	-6.076	1.2388	-2.40848	7.79663	-6.00945	7.85	-6.05	1.81964	-1.81964
7.91607	-6.18011	1.3328	-2.30149	7.95034	-6.15505	7.95	-6.15	1.81962	-1.81962
8.03162	-6.33166	1.91549	-2.76074	8.04642	-6.30578	8.05	-6.3	1.99731	-2.99599
8.13698	-6.45859	1.95086	-2.7185	8.14855	-6.44643	8.15	-6.45	1.99732	-2.99598
8.19164	-6.55804	1.23512	-2.10555	8.26534	-6.60186	8.2	-6.55	0.909111	-1.81822
8.26105	-6.6662	1.24525	-2.08053	8.25279	-6.64996	8.25	-6.65	0.909111	-1.81822
8.33387	-6.79198	1.38397	-2.22448	8.2109	-6.73286	8.3	-6.8	0.90845	-2.72534
8.38809	-6.93472	1.30664	-2.30288	8.35448	-6.94719	8.35	-6.95	0.908442	-2.72531
8.49601	-7.09887	1.70012	-2.66477	8.61718	-7.22425	8.45	-7.1	1.81925	-2.72886
8.57571	-7.25284	1.65545	-2.69739	8.54666	-7.24803	8.55	-7.25	1.81924	-2.72886
8.65592	-7.3837	1.48351	-2.51735	8.69659	-7.3744	8.65	-7.35	1.82079	-1.8208
8.75412	-7.48828	1.5569	-2.40272	8.74711	-7.43338	8.75	-7.45	1.8208	-1.8208
8.83215	-7.6112	1.64025	-2.48474	8.68846	-7.50096	8.8	-7.6	0.997629	-2.99288
8.89172	-7.75163	1.56444	-2.54979	8.84984	-7.75349	8.85	-7.75	0.997629	-2.99288
8.93906	-7.86514	1.1861	-2.24021	8.77486	-7.80083	8.9	-7.9	0.909127	-2.72742
8.97291	-8.02685	1.06729	-2.3789	8.94604	-8.07116	8.95	-8.05	0.909127	-2.7274
9.0083	-8.14058	0.834668	-2.18086	8.92041	-8.11276	9	-8.15	0.909524	-1.81903
9.0467	-8.25698	0.81572	-2.17545	9.01893	-8.23506	9.05	-8.25	0.909516	-1.81902
9.10374	-8.39348	1.00851	-2.37721	9.04724	-8.3711	9.1	-8.4	0.909922	-2.72975
9.15895	-8.5267	1.00595	-2.3851	9.1628	-8.53304	9.15	-8.55	0.909913	-2.72976
9.23831	-8.68545	1.39045	-2.77017	9.09379	-8.55764	9.25	-8.7	1.8169	-2.72535
9.32425	-8.83809	1.41758	-2.76419	9.3508	-8.85468	9.35	-8.85	1.81688	-2.72532
9.38773	-8.97213	1.22326	-2.56052	9.40597	-8.96981	9.4	-9	0.910219	-2.73069
9.44648	-9.13032	1.18552	-2.61814	9.45338	-9.162	9.45	-9.15	0.910228	-2.73069
9.50308	-9.26723	1.15785	-2.62283	9.51544	-9.36256	9.5	-9.3	0.997908	-2.99371
9.55579	-9.41512	1.12914	-2.67419	9.56994	-9.45148	9.55	-9.45	0.997908	-2.99372
9.58548	-9.52727	0.691615	-2.2229	9.62712	-9.59131	9.6	-9.55	0.909971	-1.81993
9.62799	-9.65261	0.7024	-2.22914	9.64603	-9.66938	9.65	-9.65	0.909954	-1.81992
9.66075	-9.77345	0.651914	-2.19353	9.63311	-9.79216	9.65	-9.8	0	-2.73054
9.66927	-9.92389	0.549513	-2.29916	9.64842	-9.95866	9.65	-9.95	0	-2.73053
9.72072	-10.0713	0.918616	-2.71527	9.61381	-9.98703	9.7	-10.1	0.998187	-2.99456
9.75509	-10.2231	0.871982	-2.76878	9.7516	-10.2483	9.75	-10.25	0.998187	-2.99455
9.79956	-10.3728	0.846134	-2.74523	9.7698	-10.3568	9.8	-10.4	0.909806	-2.7294
9.84979	-10.5257	0.855724	-2.74859	9.8633	-10.5382	9.85	-10.55	0.909797	-2.72938
9.87019	-10.649	0.527514	-2.39285	9.8617	-10.6917	9.85	-10.7	0	-2.72718
9.86816	-10.8139	0.410626	-2.50848	9.84674	-10.8547	9.85	-10.85	0	-2.72715
9.87609	-10.9411	0.298627	-2.40258	9.75887	-10.887	9.85	-11	0	-2.72395
9.87049	-11.1016	0.21192	-2.49718	9.86442	-11.1448	9.85	-11.15	0	-2.72395
9.88378	-11.2483	0.247423	-2.56713	9.87245	-11.316	9.85	-11.3	0	-2.73074
9.8705	-11.4157	0.147128	-2.6589	9.85036	-11.4464	9.85	-11.45	0	-2.73075
9.87861	-11.5659	0.120566	-2.6414	9.93142	-11.6783	9.85	-11.6	0	-2.72396
9.86136	-11.7273	0.036464	-2.70141	9.83174	-11.7336	9.85	-11.75	0	-2.72396
9.85002	-11.8496	-0.105545	-2.53862	9.80843	-11.8702	9.8	-11.9	-1.0005	-3.00149
9.79919	-12.0137	-0.272081	-2.67149	9.75331	-12.0506	9.75	-12.05	-1.0005	-3.0015
9.72516	-12.085	-1.00884	-1.72635	9.64519	-12.1714	9.65	-12.15	-1.81799	-1.81797
9.61737	-12.2147	-1.19481	-1.85494	9.55524	-12.2329	9.55	-12.25	-1.81797	-1.81797
9.56195	-12.3516	-0.987504	-2.21093	9.47014	-12.4324	9.45	-12.4	-1.82042	-2.73064
9.42891	-12.5258	-1.26978	-2.40331	9.34172	-12.5587	9.35	-12.55	-1.82041	-2.73063
9.332	-12.6046	-1.64658	-1.89292	9.21558	-12.6577	9.25	-12.65	-1.99893	-1.99891
9.20885	-12.7272	-1.79464	-1.99287	9.16462	-12.7506	9.15	-12.75	-1.99891	-1.9989
9.10439	-12.8285	-1.86404	-1.89121	9.08802	-12.8351	9.05	-12.85	-1.81839	-1.81839
8.98322	-12.942	-1.92982	-1.92749	8.95936	-12.9426	8.95	-12.95	-1.81838	-1.81838
8.83645	-12.9774	-2.50014	-1.02276	8.8569	-13.1416	8.8	-13	-2.72942	-0.909806
8.6789	-13.0436	-2.57131	-1.06051	8.65422	-13.0444	8.65	-13.05	-2.72941	-0.909806
8.55637	-13.1178	-2.44061	-1.31309	8.49168	-13.0983	8.5	-13.15	-2.99987	-1.99991
8.38951	-13.2115	-2.60424	-1.4117	8.3436	-13.2381	8.35	-13.25	-2.99984	-1.9999
8.22399	-13.1934	-3.11562	-0.431768	8.19421	-13.0768	8.25	-13.2	-1.99797	0.998985
8.11347	-13.1852	-2.94749	-0.330043	8.15674	-13.1486	8.15	-13.15	-1.99797	0.998985
7.96794	-13.2311	-2.74056	-0.687284	7.9999	-13.1879	8	-13.2	-2.73	-0.910004
7.8347	-13.2596	-2.67795	-0.654349	7.85314	-13.2533	7.85	-13.25	-2.73	-0.910004
7.65703	-13.2312	-3.04816	0.055408	7.57824	-13.1345	7.65	-13.25	-3.62957	0
7.47182	-13.2371	-3.11046	0.0237018	7.45422	-13.2433	7.45	-13.25	-3.62953	0
7.30665	-13.2473	-3.04743	-0.0994141	7.33241	-13.2718	7.3	-13.25	-2.7301	0
7.13804	-13.2498	-3.04934	-0.0924369	7.13166	-13.2372	7.15	-13.25	-2.73007	0
6.96856	-13.2412	-3.08804	0.0240369	6.97467	-13.1643	7	-13.25	-2.72703	0
6.82091	-13.2333	-3.01016	0.0513648	6.84852	-13.2404	6.85	-13.25	-2.727	0
6.64679	-13.1966	-3.18531	0.477777	6.7113	-13.2598	6.7	-13.2	-2.72742	0.909144
6.51143	-13.1563	-3.04358	0.531589	6.55626	-13.1584	6.55	-13.15	-2.72742	0.909144
6.33703	-13.0933	-3.15107	0.837669	6.32545	-12.9303	6.4	-13.1	-2.72703	0.908994
6.20357	-13.0362	-3.01057	0.883702	6.25112	-13.0473	6.25	-13.05	-2.727	0.908995
6.04523	-12.9951	-2.95732	0.794383	6.09711	-13.0021	6.1	-13	-2.73	0.910004
5.91477	-12.945	-2.84547	0.825274	5.95513	-12.9613	5.95	-12.95	-2.72998	0.909996
5.77637	-12.9054	-2.87063	0.911291	5.89343	-13.1185	5.8	-12.9	-2.99275	0.99759
5.64922	-12.8505	-2.80803	0.941432	5.6635	-12.8347	5.65	-12.85	-2.99275	0.99758
5.49797	-12.7792	-2.87502	1.20553	5.61778	-12.8527	5.55	-12.75	-1.81993	1.81994
5.40164	-12.6795	-2.64507	1.31404	5.45219	-12.6228	5.45	-12.65	-1.81994	1.81994
5.25916	-12.5834	-2.67325	1.50482	5.30917	-12.4284	5.35	-12.55	-1.81722	1.81723
5.18254	-12.4723	-2.41596	1.60424	5.25069	-12.4448	5.25	-12.45	-1.81721	1.81721
5.04924	-12.3641	-2.49496	1.87522	5.13338	-12.4375	5.1	-12.35	-2.72881	1.8192
4.92832	-12.2596	-2.43863	1.88559	4.9499	-12.2734	4.95	-12.25	-2.72881	1.81921
4.81569	-12.1849	-2.2617	1.52202	4.92993	-12.1787	4.9	-12.15	-0.908467	1.81693
4.76788	-12.0703	-1.98072	1.62916	4.84027	-12.0359	4.85	-12.05	-0.908462	1.81692
4.65255	-11.9178	-2.20418	2.39539	4.79909	-11.9738	4.75	-11.9	-1.81788	2.72684
4.58423	-11.7684	-2.01198	2.461	4.63814	-11.758	4.65	-11.75	-1.81788	2.72683
4.49845	-11.6737	-1.74235	1.83819	4.50688	-11.4491	4.6	-11.65	-0.909963	1.81994
4.47003	-11.5512	-1.49811	1.91978	4.5399	-11.541	4.55	-11.55	-0.909959	1.81992
4.37533	-11.3659	-1.7648	2.8082	4.46798	-11.2692	4.5	-11.35	-0.909227	3.63689
4.36643	-11.1805	-1.44316	2.9229	4.45518	-11.1556	4.45	-11.15	-0.909218	3.63686
4.33096	-11.0975	-1.04996	2.03637	4.47788	-11.2387	4.4	-11.05	-0.909227	1.81845
4.31993	-10.9683	-0.879203	2.10018	4.36691	-10.9529	4.35	-10.95	-0.909222	1.81844
4.29077	-10.8556	-0.749852	1.94576	4.34978	-10.6819	4.4	-10.8	0.9094	2.72823
4.33978	-10.7093	-0.416574	2.08542	4.42489	-10.6572	4.45	-10.65	0.909396	2.72819
4.31823	-10.5606	-0.557699	2.589	4.45256	-10.5332	4.45	-10.5	0	3.00113
4.3675	-10.3971	-0.272237	2.71247	4.44692	-10.3512	4.45	-10.35	0	3.00113
4.37705	-10.2614	-0.105156	2.53051	4.41237	-9.99477	4.5	-10.2	0.999524	2.99855
4.45985	-10.0955	0.220202	2.67656	4.5556	-10.0446	4.55	-10.05	0.999524	2.99856
4.48836	-9.95596	0.307003	2.65299	4.57379	-9.85032	4.6	-9.9	0.998267	2.9948
4.57619	-9.79014	0.57369	2.77885	4.65841	-9.75093	4.65	-9.75	0.998262	2.99479
4.64918	-9.6822	1.0051	2.06049	4.60255	-9.4741	4.7	-9.65	0.910924	1.82187
4.72476	-9.55735	1.08104	2.10335	4.74425	-9.53907	4.75	-9.55	0.910928	1.82186
4.76898	-9.40932	0.891504	2.4731	4.78405	-9.35872	4.8	-9.4	0.908038	2.72411
4.84448	-9.26148	0.987268	2.52065	4.87523	-9.25457	4.85	-9.25	0.908033	2.7241
4.91176	-9.12207	1.07901	2.44849	4.92663	-9.02336	4.95	-9.1	1.81851	2.72776
5.0054	-8.97176	1.20306	2.51307	5.04624	-8.96378	5.05	-8.95	1.81852	2.72777
5.08455	-8.82797	1.28142	2.48529	5.1055	-8.72095	5.15	-8.8	1.8165	2.72476
5.2054	-8.66446	1.46412	2.59241	5.26299	-8.64398	5.25	-8.65	1.8165	2.72475
5.32571	-8.55939	1.85586	2.08841	5.34134	-8.5519	5.35	-8.55	1.82159	1.8216
5.43022	-8.44251	1.86581	2.09639	5.43218	-8.43885	5.45	-8.45	1.82157	1.82157
5.51212	-8.31431	1.66701	2.31345	5.5122	-8.36624	5.5	-8.35	0.908054	1.81609
5.57286	-8.20932	1.55282	2.22767	5.54143	-8.23537	5.55	-8.25	0.908054	1.8161
5.70732	-8.1432	2.09057	1.5433	5.72065	-8.20245	5.7	-8.15	2.72851	1.81902
5.83739	-8.04637	2.14666	1.58849	5.85207	-8.0316	5.85	-8.05	2.72849	1.81899
5.91224	-7.91402	1.63123	2.2002	5.99121	-7.96746	5.95	-7.9	1.81851	2.72777
6.02566	-7.77373	1.71853	2.27378	6.04955	-7.75139	6.05	-7.75	1.81852	2.72777
6.14478	-7.6697	1.95044	2.03296	6.20599	-7.74241	6.15	-7.65	1.81739	1.81739
6.24956	-7.56023	1.941	2.02403	6.2473	-7.56333	6.25	-7.55	1.81739	1.81739
6.36069	-7.45239	1.97163	1.99522	6.39144	-7.48582	6.35	-7.45	1.8164	1.81641
6.4579	-7.35231	1.93047	1.95721	6.44526	-7.36223	6.45	-7.35	1.81638	1.81638
6.59576	-7.26511	2.23221	1.69393	6.66209	-7.31025	6.6	-7.25	2.72856	1.81904
6.73322	-7.15778	2.28613	1.74835	6.74856	-7.14204	6.75	-7.15	2.72856	1.81904
6.84113	-7.05125	2.10173	1.90082	6.83447	-7.05268	6.85	-7.05	1.82066	1.82066
6.96125	-6.94868	2.1145	1.89962	6.97717	-6.96144	6.95	-6.95	1.82065	1.82065
7.10146	-6.87255	2.46744	1.62834	7.13677	-6.88363	7.1	-6.85	2.99976	1.99984
7.2407	-6.77196	2.52653	1.70018	7.2552	-6.74652	7.25	-6.75	2.99976	1.99984
7.30217	-6.65062	1.83812	2.20706	7.234	-6.59525	7.3	-6.65	0.999384	1.99876
7.37656	-6.54827	1.78304	2.16576	7.33491	-6.53948	7.35	-6.55	0.999369	1.99874
7.58061	-6.50624	2.98859	1.23008	7.67988	-6.69347	7.5	-6.55	2.72747	0
7.69769	-6.4953	2.81801	1.01259	7.64389	-6.55777	7.65	-6.55	2.72745	0
7.79179	-6.41583	2.07405	1.49954	7.94309	-6.60222	7.75	-6.45	1.81623	1.81624
7.88713	-6.3446	2.01346	1.44799	7.84566	-6.34021	7.85	-6.35	1.81623	1.81624
8.03428	-6.29089	2.50205	1.08898	7.9171	-6.24084	8	-6.3	2.72648	0.908821
8.16436	-6.23475	2.47848	1.07072	8.14601	-6.23101	8.15	-6.25	2.72645	0.908817
8.22994	-6.13214	1.58376	1.67829	8.37368	-6.18614	8.25	-6.1	1.81898	2.72847
8.33966	-6.00301	1.66874	1.81447	8.35502	-5.95811	8.35	-5.95	1.81897	2.72844
8.51582	-5.93904	2.65495	1.23843	8.43843	-5.87193	8.5	-5.9	2.72647	0.90883
8.65706	-5.87165	2.64146	1.23209	8.64201	-5.86567	8.65	-5.85	2.72645	0.908817
8.75361	-5.77806	2.06941	1.56986	8.76652	-5.75601	8.75	-5.75	1.81789	1.81788
8.8688	-5.67764	2.08122	1.61686	8.85198	-5.65134	8.85	-5.65	1.81789	1.81788
9.01281	-5.59169	2.4539	1.45321	8.91028	-5.47662	9	-5.55	2.73109	1.82073
9.15119	-5.49233	2.47446	1.52049	9.13482	-5.45989	9.15	-5.45	2.73106	1.82072
9.25779	-5.39299	2.08931	1.72934	9.32693	-5.39468	9.25	-5.35	1.81796	1.81795
9.3667	-5.28766	2.07944	1.75885	9.33045	-5.26019	9.35	-5.25	1.81794	1.81793
9.50733	-5.19419	2.40078	1.63292	9.4498	-5.12838	9.5	-5.15	2.72905	1.81937
9.64659	-5.07865	2.43285	1.72507	9.63754	-5.04328	9.65	-5.05	2.72903	1.81935
9.69957	-4.96907	1.56258	2.10209	9.83281	-5.00671	9.7	-4.95	0.998666	1.99733
9.77278	-4.86042	1.55247	2.10977	9.74856	-4.84745	9.75	-4.85	0.998656	1.99731
9.88291	-4.75489	1.81025	1.99726	9.96003	-4.81123	9.85	-4.75	1.8172	1.81719
9.96886	-4.65898	1.76972	1.93992	9.93394	-4.66432	9.95	-4.65	1.81717	1.81717
10.0756	-4.55608	1.85178	1.90725	10.1357	-4.58625	10.05	-4.55	1.82042	1.82043
10.1707	-4.45113	1.83548	1.90357	10.1444	-4.44253	10.15	-4.45	1.82041	1.82042
10.3207	-4.35815	2.40868	1.70719	10.3185	-4.35401	10.3	-4.35	2.72672	1.81782
10.4541	-4.25744	2.41374	1.73134	10.4496	-4.24828	10.45	-4.25	2.7267	1.8178
10.4797	-4.13184	1.09566	2.17772	10.5826	-4.11494	10.5	-4.1	0.908764	2.72628
10.5494	-3.98293	1.1298	2.28499	10.5542	-3.95161	10.55	-3.95	0.908764	2.72628
10.6401	-3.85495	1.44093	2.22649	10.6618	-3.80699	10.65	-3.8	1.8194	2.72911
10.7358	-3.69235	1.49489	2.3774	10.7602	-3.65417	10.75	-3.65	1.81939	2.72908
10.8505	-3.56617	1.86991	2.28512	10.8593	-3.57039	10.85	-3.55	1.81839	1.81838
10.9475	-3.45476	1.85166	2.23143	10.9375	-3.46792	10.95	-3.45	1.81838	1.81838
10.986	-3.32014	1.08302	2.41975	11.0183	-3.30073	11	-3.3	0.908549	2.72563
11.0535	-3.16578	1.10761	2.49925	11.0672	-3.14607	11.05	-3.15	0.908549	2.72564
11.103	-3.02544	0.969227	2.53308	11.1054	-3.01303	11.1	-3	0.90888	2.72663
11.1564	-2.8689	0.973981	2.5947	11.1428	-2.8481	11.15	-2.85	0.908863	2.72661
11.2043	-2.72335	0.920628	2.61264	11.1758	-2.69942	11.2	-2.7	0.909988	2.72995
11.2564	-2.56138	0.928296	2.67963	11.2495	-2.5409	11.25	-2.55	0.909988	2.72995
11.209	-2.41332	-0.368792	2.85254	11.4549	-2.46508	11.2	-2.4	-0.907692	2.72306
11.1861	-2.24968	-0.373611	2.87501	11.1705	-2.24061	11.15	-2.25	-0.907683	2.72304
11.304	-2.09342	1.31704	2.68433	11.2202	-2.08176	11.25	-2.1	1.8219	2.73284
11.3706	-1.95944	1.30226	2.6337	11.3536	-1.97104	11.35	-1.95	1.82188	2.73281
11.3551	-1.81211	0.329487	2.72299	11.224	-1.77367	11.35	-1.8	0	2.71996
11.3727	-1.65335	0.329148	2.75414	11.3661	-1.64386	11.35	-1.65	0	2.71993
11.3668	-1.50109	0.0953683	2.77253	11.2691	-1.47976	11.35	-1.5	0	2.73448
11.366	-1.34825	0.0818979	2.77351	11.3391	-1.34511	11.35	-1.35	0	2.73446
11.2547	-1.21506	-1.30555	2.82439	11.2507	-1.19626	11.25	-1.2	-1.99969	2.99952
11.1836	-1.06018	-1.31681	2.87294	11.1532	-1.04324	11.15	-1.05	-1.99967	2.99949
11.1202	-0.913399	-1.20816	2.87856	10.9697	-0.89157	11.1	-0.9	-1.00006	3.00024
11.0613	-0.75679	-1.20488	2.92573	11.0654	-0.742685	11.05	-0.75	-1.00006	3.00021
10.9568	-0.608259	-1.64113	2.885	10.8913	-0.655608	10.95	-0.649999	-1.81771	1.81773
10.8609	-0.497877	-1.65145	2.70548	10.8418	-0.549005	10.85	-0.549999	-1.81772	1.81773
10.7698	-0.362019	-1.68303	2.657	10.827	-0.442912	10.75	-0.45	-1.81842	1.8184
10.6743	-0.283077	-1.68487	2.40807	10.6642	-0.353413	10.65	-0.35	-1.8184	1.81839
10.5017	-0.184067	-2.7826	2.31802	10.5503	-0.248633	10.5	-0.25	-3.00035	2.00024
10.3603	-0.117109	-2.78324	2.13594	10.3487	-0.171899	10.35	-0.15	-3.00032	2.00022
10.2606	-0.0207119	-2.2925	2.10509	10.2559	-0.115293	10.25	-0.0999996	-2.00053	1.00027
10.1452	0.0240529	-2.28832	1.87966	10.137	-0.0462889	10.15	-0.0499992	-2.00053	1.00027
10.0482	0.105209	-2.08448	1.83581	10.0717	0.0165033	10.05	9.49949e-07	-2.00009	1.00004
9.9425	0.132461	-2.08047	1.59454	9.92833	0.0556031	9.95	0.0500011	-2.00006	1.00003
9.79241	0.179949	-2.69088	1.45356	9.8478	0.0279858	9.8	0.0500011	-3.00025	0
9.65899	0.154958	-2.67745	1.08798	9.65029	0.0372757	9.65	0.0500011	-3.00024	0
9.5092	0.191374	-2.89848	1.01338	9.54682	0.0997641	9.5	0.100001	-2.99825	0.999409
9.36041	0.195725	-2.9023	0.839062	9.33515	0.138463	9.35	0.15	-2.99825	0.999409
9.27015	0.226853	-2.14142	0.801553	9.46113	0.134275	9.25	0.15	-1.81915	0
9.15115	0.220355	-2.14031	0.611265	9.13787	0.161547	9.15	0.15	-1.81913	0
8.99169	0.238943	-2.80228	0.548467	9.02723	0.196492	9	0.2	-2.99927	0.99976
8.84646	0.259542	-2.81263	0.522437	8.82128	0.250523	8.85	0.25	-2.99927	0.99976
8.69226	0.278104	-2.97302	0.488669	8.67607	0.247512	8.7	0.25	-2.99873	0
8.54513	0.277854	-2.96751	0.395023	8.54916	0.247046	8.55	0.25	-2.99871	0
8.40507	0.291568	-2.70121	0.371605	8.44086	0.253341	8.4	0.25	-2.72872	0
8.25254	0.288049	-2.70842	0.280497	8.2302	0.258614	8.25	0.25	-2.72871	0
8.10174	0.281602	-2.90399	0.195146	8.1066	0.204722	8.1	0.2	-2.99909	-0.9997
7.95685	0.219612	-2.89709	-0.0794845	7.94777	0.127954	7.95	0.15	-2.9991	-0.9997
7.80407	0.201839	-3.00869	-0.135588	7.82213	0.149733	7.8	0.15	-3.00101	0
7.65066	0.176559	-3.01419	-0.206813	7.63383	0.15164	7.65	0.15	-3.00099	0
7.51071	0.150433	-2.68819	-0.259965	7.49691	0.101076	7.5	0.100001	-2.72698	-0.908982
7.36113	0.105217	-2.69133	-0.379606	7.35046	0.0656199	7.35	0.0500011	-2.72695	-0.908974
7.26027	0.0634365	-2.21618	-0.466978	7.13188	-0.00451978	7.25	9.49949e-07	-2.00032	-1.00016
7.14984	-0.000617482	-2.21556	-0.625713	7.14965	-0.0559868	7.15	-0.0499992	-2.0003	-1.00015
6.97871	-0.0620724	-2.71746	-0.728712	6.77233	-0.150907	7	-0.15	-2.72534	-1.8169
6.83425	-0.156411	-2.70873	-0.941087	6.85872	-0.227918	6.85	-0.25	-2.72532	-1.81688
6.7961	-0.255259	-1.46887	-1.18534	6.70421	-0.347264	6.8	-0.349999	-1.00053	-2.00107
6.72596	-0.366486	-1.46873	-1.39031	6.74687	-0.441006	6.75	-0.449999	-1.00054	-2.00107
6.62751	-0.4578	-1.82216	-1.45549	6.72084	-0.550555	6.65	-0.549999	-2.00016	-2.00017
6.53698	-0.568132	-1.82951	-1.60407	6.54837	-0.624094	6.55	-0.65	-2.00016	-2.00017
6.49621	-0.700218	-1.12218	-1.8773	6.40088	-0.78131	6.5	-0.799999	-0.999884	-2.99963
6.43744	-0.859571	-1.14867	-2.13696	6.44859	-0.960126	6.45	-0.949999	-0.999884	-2.99963
6.39734	-1.00532	-0.892414	-2.32923	6.37766	-1.0844	6.4	-1.1	-0.999984	-2.99995
6.34892	-1.16906	-0.921652	-2.51638	6.35596	-1.24356	6.35	-1.25	-0.999969	-2.99992
6.35682	-1.34139	-0.306268	-2.80604	6.5527	-1.43518	6.35	-1.4	0	-3.00132
6.34061	-1.50786	-0.32301	-2.90877	6.35503	-1.55184	6.35	-1.55	0	-3.00129
6.32069	-1.65973	-0.366581	-2.86493	6.33086	-1.6454	6.35	-1.65	0	-1.81769
6.3132	-1.78747	-0.317311	-2.74567	6.34356	-1.7483	6.35	-1.75	0	-1.81769
6.33675	-1.95128	0.186516	-2.97489	6.34522	-1.96081	6.35	-1.95	0	-3.99976
6.34347	-2.10903	0.174044	-3.01026	6.34095	-2.12276	6.35	-2.15	0	-3.99972
6.32832	-2.24319	-0.126515	-2.86	6.3068	-2.23646	6.35	-2.25	0	-2
6.32983	-2.3717	-0.0968728	-2.80214	6.34785	-2.35274	6.35	-2.35	0	-1.99998
6.3311	-2.51182	0.00941198	-2.83779	6.26272	-2.46894	6.35	-2.5	0	-3
6.33882	-2.64756	0.0317081	-2.81161	6.36265	-2.64414	6.35	-2.65	0	-3
6.38705	-2.8121	0.626841	-3.10784	6.38105	-2.77438	6.4	-2.8	1.00003	-3.00012
6.429	-2.95751	0.661089	-3.06603	6.461	-2.95066	6.45	-2.95	1.00003	-3.00009
6.492	-3.13816	1.05933	-3.32348	6.50958	-3.15806	6.5	-3.15	0.999284	-3.99712
6.54128	-3.32419	1.03297	-3.3966	6.55345	-3.36165	6.55	-3.35	0.999284	-3.99712
6.56689	-3.46942	0.53755	-3.01677	6.64067	-3.46888	6.6	-3.45	0.909922	-1.81983
6.61445	-3.60106	0.613557	-2.8862	6.63536	-3.55462	6.65	-3.55	0.909917	-1.81984
6.67904	-3.75226	0.983054	-3.05598	6.70376	-3.69784	6.7	-3.7	0.999335	-2.99802
6.74041	-3.88122	1.03568	-2.96543	6.75151	-3.84595	6.75	-3.85	0.99934	-2.99802
6.78208	-4.02447	0.884036	-2.82667	6.65288	-3.91672	6.8	-4	0.908549	-2.72564
6.84058	-4.16742	0.920831	-2.7774	6.85764	-4.15466	6.85	-4.15	0.908537	-2.72561
6.86957	-4.29024	0.571905	-2.48573	6.9447	-4.2991	6.9	-4.25	0.90988	-1.81977
6.92411	-4.38928	0.6653	-2.34404	6.94846	-4.34203	6.95	-4.35	0.909876	-1.81975
6.99498	-4.52656	1.05806	-2.59111	7.09552	-4.55441	7	-4.5	1.00008	-3.00024
7.04578	-4.65409	1.0544	-2.58582	7.03506	-4.6461	7.05	-4.65	1.00008	-3.00024
7.14506	-4.82109	1.59521	-2.98877	7.25009	-4.88515	7.15	-4.8	1.99984	-2.99976
7.23946	-4.95215	1.65013	-2.9179	7.26242	-4.9318	7.25	-4.95	1.99984	-2.99976
7.27828	-5.05753	1.04425	-2.44362	7.33292	-5.08676	7.3	-5.05	1.00028	-2.00057
7.33928	-5.16838	1.0776	-2.40054	7.3521	-5.15533	7.35	-5.15	1.00028	-2.00056
7.40075	-5.29319	1.17009	-2.46597	7.40318	-5.28627	7.4	-5.3	1.00003	-3.00012
7.4509	-5.42822	1.1375	-2.50987	7.44098	-5.44336	7.45	-5.45	1.00004	-3.00012
7.5202	-5.56224	1.31896	-2.64471	7.46878	-5.50726	7.55	-5.55	1.99961	-1.99961
7.6139	-5.66754	1.41743	-2.53859	7.66561	-5.647	7.65	-5.65	1.9996	-1.9996
7.67565	-5.78741	1.28516	-2.43621	7.70927	-5.8194	7.7	-5.8	1.00027	-3.00084
7.73758	-5.92488	1.26559	-2.48776	7.75724	-5.96146	7.75	-5.95	1.00028	-3.00084
7.80921	-6.0516	1.40973	-2.58556	7.71187	-5.94164	7.85	-6.05	1.9998	-1.99981
7.90398	-6.1593	1.49461	-2.50001	7.95005	-6.14609	7.95	-6.15	1.9998	-1.9998
7.95557	-6.25752	1.13878	-2.18174	8.03808	-6.28852	8	-6.25	1.00004	-2.00008
8.02243	-6.35923	1.17225	-2.15147	8.04346	-6.35767	8.05	-6.35	1.00004	-2.00008
8.12656	-6.50696	1.76343	-2.64681	8.1071	-6.48544	8.15	-6.5	1.99951	-2.99928
8.22392	-6.64043	1.78789	-2.64357	8.25742	-6.66007	8.25	-6.65	1.9995	-2.99925
8.27443	-6.73618	1.10081	-2.03438	8.38768	-6.7963	8.3	-6.75	0.90921	-1.81841
8.33072	-6.8563	1.08258	-2.06313	8.33159	-6.8699	8.35	-6.85	0.90921	-1.81841
8.41896	-6.99337	1.43169	-2.37888	8.58336	-7.15056	8.4	-7	1.0001	-3.00036
8.47494	-7.13114	1.37295	-2.44819	8.45779	-7.15285	8.45	-7.15	1.00011	-3.00036
8.54478	-7.25472	1.47418	-2.5357	8.37938	-7.10665	8.55	-7.25	1.99907	-1.99908
8.63225	-7.36502	1.5261	-2.47523	8.647	-7.3454	8.65	-7.35	1.99908	-1.99908
8.71273	-7.49701	1.56505	-2.52713	8.76035	-7.57239	8.7	-7.5	1.00058	-3.00174
8.77662	-7.64026	1.51118	-2.58911	8.76121	-7.66039	8.75	-7.65	1.00057	-3.00171
8.81693	-7.73739	1.06449	-2.18579	8.81118	-7.75569	8.8	-7.75	0.999844	-1.99968
8.86372	-7.84711	1.04602	-2.19179	8.84363	-7.83628	8.85	-7.85	0.999844	-1.99968
8.97478	-8.01516	1.74938	-2.85145	9.07758	-8.1058	8.95	-8	2.00017	-3.00024
9.05915	-8.15941	1.73928	-2.85878	9.05238	-8.15838	9.05	-8.15	2.00014	-3.00021
9.09977	-8.25644	1.166	-2.31611	9.05557	-8.22632	9.1	-8.25	0.998905	-1.99781
9.16031	-8.36585	1.17738	-2.29507	9.15492	-8.35136	9.15	-8.35	0.998886	-1.99779
9.22779	-8.49526	1.1727	-2.29334	9.30408	-8.57245	9.2	-8.5	0.908863	-2.72657
9.27645	-8.63539	1.11638	-2.34597	9.2543	-8.64461	9.25	-8.65	0.908855	-2.72655
9.32747	-8.7622	1.09187	-2.35113	9.15971	-8.67035	9.3	-8.8	0.909475	-2.72841
9.36603	-8.91811	1.00989	-2.44529	9.35164	-8.95148	9.35	-8.95	0.909466	-2.72839
9.44031	-9.07373	1.30211	-2.76972	9.47941	-9.179	9.4	-9.1	0.999765	-2.99935
9.48049	-9.23173	1.215	-2.84481	9.44272	-9.24111	9.45	-9.25	0.999774	-2.99934
9.50893	-9.34601	0.709451	-2.32301	9.53008	-9.38561	9.5	-9.35	0.908962	-1.81792
9.56303	-9.45694	0.766217	-2.26331	9.5752	-9.43724	9.55	-9.45	0.908954	-1.8179
9.61379	-9.5937	0.88608	-2.39869	9.60163	-9.60777	9.6	-9.6	0.909988	-2.72996
9.64605	-9.74121	0.826248	-2.45574	9.62903	-9.75552	9.65	-9.75	0.909971	-2.72993
9.70256	-9.89129	0.974136	-2.62228	9.69155	-9.89958	9.7	-9.9	0.907972	-2.7239
9.75052	-10.0411	0.953416	-2.64175	9.74482	-10.046	9.75	-10.05	0.907972	-2.72391
9.77305	-10.1576	0.632203	-2.3124	9.69256	-10.1336	9.75	-10.2	0	-2.73106
9.77764	-10.3155	0.520389	-2.42174	9.75264	-10.3488	9.75	-10.35	0	-2.73105
9.83552	-10.4795	0.93824	-2.90804	9.82419	-10.5024	9.8	-10.5	1	-2.99999
9.86079	-10.6415	0.861766	-2.97038	9.83234	-10.6514	9.85	-10.65	0.999994	-2.99996
9.8848	-10.7702	0.650844	-2.74	9.825	-10.7525	9.85	-10.8	0	-3.00047
9.88579	-10.9345	0.536128	-2.83925	9.85033	-10.9603	9.85	-10.95	0	-3.00048
9.87565	-11.0321	0.0243714	-2.24373	9.91881	-11.1448	9.85	-11.05	0	-1.9956
9.8703	-11.1488	0.00147986	-2.26042	9.86057	-11.1502	9.85	-11.15	0	-1.99559
9.87747	-11.286	0.121004	-2.41817	9.83851	-11.2795	9.85	-11.3	0	-2.73184
9.86275	-11.4355	0.0442031	-2.47915	9.83839	-11.4483	9.85	-11.45	0	-2.73182
9.85977	-11.5617	0.0207277	-2.48171	9.79654	-11.5922	9.8	-11.6	-0.998566	-2.9957
9.81311	-11.7217	-0.150383	-2.61309	9.75592	-11.7487	9.75	-11.75	-0.998566	-2.99569
9.80872	-11.8785	-0.0730097	-2.74083	9.77699	-11.9246	9.75	-11.9	0	-2.73084
9.78419	-12.0427	-0.145778	-2.79171	9.75861	-12.0491	9.75	-12.05	0	-2.73085
9.73557	-12.149	-0.610716	-2.21204	9.63743	-12.1863	9.65	-12.2	-1.81598	-2.72396
9.63725	-12.3158	-0.842358	-2.37617	9.56514	-12.3446	9.55	-12.35	-1.81597	-2.72396
9.54873	-12.3933	-1.3472	-1.71266	9.47157	-12.4849	9.45	-12.45	-1.82132	-1.82133
9.41604	-12.5241	-1.55589	-1.84866	9.34752	-12.5408	9.35	-12.55	-1.82131	-1.82131
9.33724	-12.6464	-1.44625	-2.04342	9.32154	-12.7193	9.3	-12.65	-0.908038	-1.81606
9.25397	-12.7562	-1.45566	-2.03808	9.24151	-12.7411	9.25	-12.75	-0.908029	-1.81605
9.12389	-12.788	-2.07057	-1.1141	9.04013	-12.7738	9.05	-12.85	-3.64007	-1.82004
8.92593	-12.9033	-2.37417	-1.30843	8.83995	-12.9425	8.85	-12.95	-3.64007	-1.82003
8.79637	-12.9608	-2.47521	-1.18328	8.73518	-13.0163	8.75	-13	-1.9959	-0.997948
8.65708	-13.0289	-2.53008	-1.21537	8.6395	-13.0341	8.65	-13.05	-1.9959	-0.997948
8.50577	-13.0699	-2.69471	-0.927631	8.48414	-13.0416	8.5	-13.1	-2.73149	-0.910502
8.34789	-13.1298	-2.73274	-0.956525	8.34268	-13.1451	8.35	-13.15	-2.73146	-0.910485
8.1962	-13.1815	-2.74757	-0.935537	8.19497	-13.1991	8.2	-13.2	-2.72385	-0.907955
8.05128	-13.2316	-2.72589	-0.928304	8.06107	-13.2364	8.05	-13.25	-2.72383	-0.907947
7.88445	-13.237	-2.97346	-0.431091	7.88931	-13.1791	7.9	-13.25	-2.72673	0
7.73869	-13.2508	-2.90876	-0.396209	7.75593	-13.2425	7.75	-13.25	-2.72673	0
7.56691	-13.2431	-3.05139	-0.104451	7.52542	-13.1457	7.6	-13.25	-2.72991	0
7.42373	-13.2375	-2.96367	-0.0629012	7.44992	-13.2329	7.45	-13.25	-2.72991	0
7.23105	-13.1711	-3.35558	0.737269	7.19347	-13.1392	7.25	-13.2	-3.63887	0.909723
7.0461	-13.1372	-3.36169	0.720412	7.05468	-13.1604	7.05	-13.15	-3.63887	0.909723
6.88293	-13.1522	-3.06328	0.0805811	6.90569	-13.1515	6.9	-13.15	-2.72312	0
6.72394	-13.1425	-3.02748	0.0987534	6.73255	-13.1364	6.75	-13.15	-2.72312	0
6.57891	-13.1484	-3.01851	0.0837638	6.69426	-13.3705	6.6	-13.15	-3.00475	0
6.42798	-13.1442	-3.01926	0.0837867	6.42749	-13.1436	6.45	-13.15	-3.00472	0
6.28019	-13.1207	-3.09415	0.348717	6.4246	-13.2048	6.35	-13.1	-1.9976	0.998786
6.18532	-13.0772	-2.87535	0.441195	6.2503	-13.0552	6.25	-13.05	-1.99758	0.998786
6.02993	-13.0382	-2.94386	0.674191	6.162	-13.1569	6.1	-13	-2.72732	0.909111
5.91303	-12.9768	-2.77685	0.754805	5.95166	-12.9396	5.95	-12.95	-2.72732	0.909111
5.75909	-12.9209	-2.82141	0.902784	5.78184	-12.8825	5.8	-12.9	-2.72895	0.909657
5.62759	-12.8592	-2.73425	0.943005	5.64785	-12.8416	5.65	-12.85	-2.72896	0.909648
5.47291	-12.7742	-2.86026	1.33669	5.54035	-12.7925	5.55	-12.75	-1.81808	1.81809
5.37769	-12.676	-2.63428	1.42388	5.43842	-12.6552	5.45	-12.65	-1.81809	1.81809
5.23435	-12.5748	-2.7023	1.69666	5.33087	-12.5965	5.3	-12.55	-2.7236	1.81575
5.10508	-12.4708	-2.62941	1.73068	5.12059	-12.4527	5.15	-12.45	-2.72358	1.81572
4.97696	-12.3971	-2.538	1.56798	5.13793	-12.5907	5.05	-12.35	-1.81967	1.81966
4.90031	-12.2795	-2.30454	1.67072	4.95241	-12.2277	4.95	-12.25	-1.81967	1.81967
4.76676	-12.1445	-2.45188	2.15703	4.81467	-12.1072	4.85	-12.1	-1.81844	2.72766
4.69537	-11.9974	-2.2176	2.25284	4.75144	-11.9561	4.75	-11.95	-1.81844	2.72767
4.60031	-11.9055	-1.97844	1.76164	4.6829	-11.7433	4.7	-11.85	-0.909557	1.8191
4.58409	-11.776	-1.64117	1.88027	4.67603	-11.7496	4.65	-11.75	-0.909553	1.81911
4.49942	-11.6492	-1.68626	2.14504	4.61619	-11.6508	4.6	-11.6	-0.907782	2.72335
4.47959	-11.4969	-1.41547	2.25982	4.5432	-11.4431	4.55	-11.45	-0.907778	2.72334
4.39249	-11.3007	-1.64159	3.03415	4.48104	-11.1618	4.5	-11.25	-0.910253	3.64099
4.37477	-11.1047	-1.37543	3.1387	4.44374	-11.0696	4.45	-11.05	-0.910253	3.64099
4.35531	-11.0262	-0.835137	1.94312	4.46178	-10.9843	4.45	-10.95	0	1.81804
4.37813	-10.8928	-0.583378	2.04088	4.4464	-10.8663	4.45	-10.85	0	1.81805
4.37527	-10.8134	-0.422079	1.78854	4.60972	-11.1274	4.45	-10.75	0	1.81614
4.4003	-10.6872	-0.240535	1.88059	4.43858	-10.6346	4.45	-10.65	0	1.81614
4.36109	-10.4984	-0.617189	2.86722	4.43099	-10.4242	4.45	-10.45	0	3.6396
4.3917	-10.3055	-0.375798	2.9879	4.44616	-10.2449	4.45	-10.25	0	3.6396
4.40902	-10.1721	-0.0866578	2.54128	4.52156	-10.1192	4.5	-10.1	0.910021	2.73005
4.48047	-9.99504	0.195508	2.67661	4.55225	-9.94382	4.55	-9.95	0.910013	2.73003
4.50375	-9.84591	0.231123	2.76686	4.5897	-9.73456	4.6	-9.8	0.999085	2.99725
4.57689	-9.68035	0.45689	2.87219	4.64586	-9.65356	4.65	-9.65	0.99908	2.99724
4.63993	-9.56119	0.840406	2.25121	4.61159	-9.38621	4.7	-9.55	0.910095	1.82021
4.70853	-9.4352	0.917855	2.27168	4.7442	-9.45683	4.75	-9.45	0.910091	1.82018
4.7585	-9.3057	0.893804	2.40523	4.80746	-9.23434	4.85	-9.3	1.99828	2.99743
4.86291	-9.16245	1.10837	2.50535	4.94202	-9.15915	4.95	-9.15	1.99826	2.99739
4.92697	-9.00801	1.04383	2.70101	5.03379	-9.03255	5	-9	0.908384	2.72514
5.01758	-8.84548	1.1629	2.76071	5.06039	-8.84271	5.05	-8.85	0.908384	2.72514
5.12769	-8.74224	1.59151	2.16785	5.21058	-8.83852	5.15	-8.75	1.81679	1.8168
5.23138	-8.62472	1.6439	2.17509	5.26598	-8.6555	5.25	-8.65	1.81679	1.8168
5.31496	-8.49399	1.5529	2.31617	5.33786	-8.49992	5.35	-8.5	1.82017	2.73024
5.41448	-8.36113	1.60283	2.34231	5.43516	-8.36367	5.45	-8.35	1.82015	2.73022
5.52583	-8.25026	1.80592	2.11416	5.58025	-8.28767	5.55	-8.25	1.81852	1.81852
5.63076	-8.13994	1.82055	2.10268	5.65225	-8.1686	5.65	-8.15	1.8185	1.8185
5.74899	-8.04112	1.96638	1.93933	5.83663	-8.14888	5.75	-8.05	1.81752	1.81753
5.83766	-7.94583	1.89684	1.89162	5.81186	-7.95139	5.85	-7.95	1.81752	1.81752
5.94578	-7.84897	1.92387	1.85044	5.99151	-7.92468	5.95	-7.85	1.8194	1.8194
6.04929	-7.74864	1.91593	1.8447	6.04627	-7.74932	6.05	-7.75	1.81941	1.8194
6.12711	-7.6138	1.62798	2.18278	6.05883	-7.47931	6.15	-7.6	1.81742	2.72613
6.2411	-7.46992	1.71938	2.27101	6.26179	-7.43797	6.25	-7.45	1.8174	2.72611
6.38597	-7.37644	2.25985	1.77133	6.3458	-7.29797	6.4	-7.35	2.7248	1.81653
6.53015	-7.26178	2.33156	1.83811	6.55234	-7.24441	6.55	-7.25	2.72477	1.81651
6.66521	-7.17262	2.44831	1.70172	6.61964	-7.17343	6.65	-7.2	1.81957	0.909789
6.77043	-7.11141	2.33926	1.5806	6.74556	-7.15305	6.75	-7.15	1.81957	0.909785
6.90426	-7.02917	2.39214	1.53203	6.91901	-7.04822	6.9	-7.05	2.72946	1.81964
7.04739	-6.93841	2.43108	1.56199	7.06886	-6.94012	7.05	-6.95	2.72946	1.81964
7.14632	-6.83117	2.06	1.85438	7.12574	-6.81829	7.15	-6.85	1.81554	1.81554
7.25607	-6.73339	2.04633	1.8379	7.25262	-6.73852	7.25	-6.75	1.81554	1.81554
7.35621	-6.62994	1.94965	1.88862	7.30586	-6.61905	7.35	-6.65	1.82007	1.82007
7.45976	-6.53132	1.93607	1.8697	7.45762	-6.53827	7.45	-6.55	1.82005	1.82005
7.62122	-6.46592	2.57863	1.38198	7.59546	-6.48319	7.6	-6.5	2.72628	0.908764
7.74835	-6.41441	2.52123	1.29305	7.74315	-6.44913	7.75	-6.45	2.72628	0.908764
7.86164	-6.34149	2.27232	1.41418	7.8486	-6.40709	7.85	-6.4	1.81656	0.908285
7.96697	-6.29685	2.19617	1.29306	7.9584	-6.34152	7.95	-6.35	1.81656	0.908281
8.08539	-6.22872	2.19761	1.27434	8.05398	-6.23227	8.1	-6.25	2.73006	1.82003
8.21975	-6.14883	2.24148	1.3171	8.24773	-6.1485	8.25	-6.15	2.73005	1.82003
8.35795	-6.07263	2.40119	1.26006	8.32369	-5.98136	8.4	-6.05	2.72692	1.81795
8.51662	-5.96997	2.49418	1.38875	8.55156	-5.93992	8.55	-5.95	2.7269	1.81794
8.62184	-5.87383	2.11091	1.63138	8.63806	-5.84559	8.65	-5.85	1.81844	1.81844
8.74689	-5.76925	2.1437	1.68687	8.7543	-5.75242	8.75	-5.75	1.81843	1.81843
8.8979	-5.68488	2.44804	1.54829	9.00947	-5.71389	8.9	-5.65	2.72464	1.81643
9.04831	-5.5721	2.50496	1.65109	9.06113	-5.54128	9.05	-5.55	2.72465	1.81643
9.1567	-5.46857	2.17614	1.82036	9.13937	-5.44533	9.15	-5.45	1.81916	1.81918
9.2724	-5.3589	2.17132	1.84929	9.24452	-5.3352	9.25	-5.35	1.81916	1.81916
9.39142	-5.26442	2.25169	1.77827	9.26221	-5.25032	9.35	-5.3	1.81895	0.909466
9.48349	-5.21535	2.14526	1.5912	9.43645	-5.25801	9.45	-5.25	1.81894	0.90947
9.56528	-5.11652	1.64714	1.81626	9.71784	-5.19928	9.55	-5.1	1.81986	2.72981
9.66204	-4.99025	1.67674	1.91004	9.64908	-4.9531	9.65	-4.95	1.81987	2.72981
9.7602	-4.88352	1.78529	1.87511	9.67182	-4.82288	9.75	-4.85	1.81736	1.81735
9.86446	-4.7649	1.80798	1.93184	9.86682	-4.74721	9.85	-4.75	1.81736	1.81735
9.96077	-4.65662	1.77707	1.94761	9.94653	-4.64316	9.95	-4.65	1.81806	1.81805
10.0621	-4.5453	1.78789	1.96444	10.0706	-4.54316	10.05	-4.55	1.81805	1.81805
10.2255	-4.45482	2.449	1.73148	10.4074	-4.52899	10.2	-4.45	2.72609	1.8174
10.3572	-4.35763	2.44245	1.73613	10.3431	-4.35107	10.35	-4.35	2.72606	1.81737
10.3851	-4.23077	1.18811	2.17365	10.3837	-4.17982	10.4	-4.2	0.908945	2.72688
10.4563	-4.09199	1.21032	2.24425	10.4578	-4.07071	10.45	-4.05	0.908953	2.72687
10.5742	-3.97598	1.81793	2.07294	10.5531	-3.94939	10.55	-3.95	1.81903	1.81904
10.6692	-3.85561	1.8086	2.09253	10.6424	-3.84126	10.65	-3.85	1.81902	1.81903
10.755	-3.73047	1.71141	2.1441	10.6157	-3.63689	10.75	-3.7	1.81931	2.72896
10.8576	-3.57781	1.74385	2.27174	10.8572	-3.53957	10.85	-3.55	1.81931	2.72896
10.9022	-3.44908	1.27542	2.41528	10.8149	-3.35552	10.9	-3.4	0.999745	2.99928
10.9668	-3.29423	1.2892	2.53673	10.9372	-3.24816	10.95	-3.25	0.999754	2.99928
11.0783	-3.15626	1.86526	2.42237	10.9078	-3.10703	11.05	-3.15	1.81764	1.81765
11.169	-3.04251	1.83229	2.34669	11.135	-3.05697	11.15	-3.05	1.81763	1.81764
11.2109	-2.90638	1.16142	2.47588	11.1507	-2.87978	11.2	-2.9	0.909657	2.72896
11.2731	-2.75872	1.16049	2.51676	11.2571	-2.74346	11.25	-2.75	0.909648	2.72893
11.2094	-2.62003	-0.320994	2.77081	11.2614	-2.58697	11.2	-2.6	-0.998725	2.99617
11.1848	-2.47153	-0.337207	2.8023	11.1393	-2.45312	11.15	-2.45	-0.998725	2.99616
11.2456	-2.3164	0.626813	2.68775	11.2346	-2.28949	11.2	-2.3	0.908813	2.72643
11.2724	-2.16921	0.609237	2.68228	11.239	-2.16508	11.25	-2.15	0.908805	2.7264
11.3176	-2.0187	0.828595	2.66656	11.1623	-1.9797	11.3	-2	0.909855	2.72956
11.3602	-1.86296	0.823237	2.69904	11.3424	-1.85113	11.35	-1.85	0.909847	2.72953
