0	0	1	1	0	0	0	0	0	0
0	0	1	1	0	0	0	0	0	0
1.55943	-0.135133	1.56304	-1.24554	1.55945	-0.138501	2.09897	0.0522228	2.19595	0.109339
1.62415	0.0202563	2.339	-0.940529	1.81209	0.0474826	2.09897	0.0522228	2.19595	0.109339
3.89115	-0.136415	2.19376	0.592326	3.89093	-0.134166	4.29136	0.215312	2.28434	0.226323
3.96968	0.0721689	2.3936	1.00275	4.19528	0.218461	4.29136	0.215312	2.28434	0.226323
6.86204	0.418684	3.38369	-0.27355	6.86352	0.416817	6.56942	0.496096	2.36382	0.348847
6.69337	0.440328	2.67573	-0.309721	6.43926	0.472879	6.56942	0.496096	2.36382	0.348847
9.07819	0.591928	2.10011	0.576783	9.07733	0.593211	8.92437	0.89924	2.43359	0.474526
9.09291	0.666338	2.35425	0.743978	8.89749	0.886982	8.92437	0.89924	2.43359	0.474526
11.5752	1.6662	2.6096	1.23099	11.5756	1.6669	11.3468	1.427	2.49328	0.600781
11.5274	1.62452	2.42348	1.10951	11.4447	1.42958	11.3468	1.427	2.49328	0.600781
13.5932	2.31305	1.70831	0.312091	13.5921	2.31191	13.827	2.07905	2.5429	0.724947
13.6897	2.29182	2.28315	0.385019	13.6572	1.99915	13.827	2.07905	2.5429	0.724947
16.6436	2.90237	3.616	0.819071	16.6456	2.903	16.3554	2.85243	2.58284	0.844365
16.4805	2.87395	2.88819	0.68037	16.282	2.84648	16.3554	2.85243	2.58284	0.844365
19.0116	3.70519	2.18469	0.951656	19.0106	3.70555	18.923	3.74161	2.61382	0.95648
19.0872	3.72592	2.34729	0.995931	19.363	3.87122	18.923	3.74161	2.61382	0.95648
21.3315	4.73204	2.14391	1.0119	21.3312	4.73205	21.5215	4.73855	2.63679	1.05891
21.4282	4.75161	2.50987	1.12283	21.6213	4.74762	21.5215	4.73855	2.63679	1.05891
24.0783	5.57043	2.77727	0.568546	24.0787	5.56967	24.1437	5.83295	2.65286	1.14953
24.1864	5.60469	3.00609	0.639207	24.5601	5.92334	24.1437	5.83295	2.65286	1.14953
26.6069	6.95928	1.87386	1.93054	26.6052	6.96102	26.7833	7.01246	2.6632	1.22647
26.6677	6.97612	2.31556	2.12819	26.5419	6.90075	26.7833	7.01246	2.6632	1.22647
29.5847	8.09037	3.46239	0.293951	29.5864	8.08789	29.4352	8.26299	2.66893	1.28822
29.5284	8.08039	3.16767	0.208264	29.4716	8.24519	29.4352	8.26299	2.66893	1.28822
31.9436	9.87627	1.74969	3.08308	31.9416	9.88017	32.0955	9.56901	2.67105	1.33358
31.9295	9.86611	1.85599	3.14934	31.7928	9.49891	32.0955	9.56901	2.67105	1.33358
34.6136	10.7045	3.37809	-1.04653	34.6157	10.6988	34.7608	10.9139	2.67035	1.3617
34.6962	10.7334	3.47886	-1.00802	35.0599	10.9953	34.7608	10.9139	2.67035	1.3617
37.143	12.0826	1.55727	3.25856	37.1404	12.0883	37.4287	12.2803	2.66736	1.37209
37.2587	12.1235	1.95844	3.42268	37.4973	12.2943	37.4287	12.2803	2.66736	1.37209
40.3256	13.4717	4.03604	-0.321618	40.3285	13.4666	40.0971	13.6505	2.66232	1.36459
40.1895	13.432	3.46959	-0.514183	39.9009	13.6243	40.0971	13.6505	2.66232	1.36459
42.7687	14.8247	1.81498	2.93244	42.7664	14.8294	42.7638	15.0065	2.65515	1.33938
42.7928	14.8374	2.08125	3.0605	42.5714	14.9817	42.7638	15.0065	2.65515	1.33938
45.356	16.5557	2.95763	0.626809	45.3572	16.5524	45.4265	16.3307	2.64546	1.29701
45.404	16.5717	3.04496	0.654758	45.649	16.5213	45.4265	16.3307	2.64546	1.29701
48.1549	17.2834	2.47053	0.742956	48.1541	17.2835	48.0823	17.6063	2.6326	1.23832
48.1545	17.2863	2.57646	0.782309	47.9331	17.5349	48.0823	17.6063	2.6326	1.23832
50.6229	19.0696	2.41868	2.61072	50.6228	19.0721	50.7276	18.8172	2.61569	1.16454
50.5715	19.0475	2.21	2.51077	50.5737	18.7834	50.7276	18.8172	2.61569	1.16454
53.7243	19.9022	3.96691	-0.473356	53.7268	19.8982	53.3577	19.9486	2.59372	1.07716
53.6073	19.8609	3.37476	-0.668041	53.5277	19.862	53.3577	19.9486	2.59372	1.07716
56.0347	21.0877	1.62022	2.75274	56.0322	21.0923	55.9669	20.9874	2.56561	0.978022
56.0265	21.085	1.72665	2.80123	55.867	20.985	55.9669	20.9874	2.56561	0.978022
58.6609	21.7872	3.38915	-0.996495	58.6632	21.7821	58.5484	21.9225	2.53033	0.869205
58.658	21.7876	3.37908	-0.997391	58.5799	21.9815	58.5484	21.9225	2.53033	0.869205
60.8753	22.7828	1.20962	2.5901	60.8722	22.7876	61.0941	22.7449	2.48697	0.753031
60.9185	22.8	1.61355	2.7552	60.7648	22.6398	61.0941	22.7449	2.48697	0.753031
63.38	23.4122	3.1566	-1.12579	63.3821	23.4069	63.5955	23.4479	2.43482	0.631987
63.4395	23.4358	3.1562	-1.11664	63.7478	23.7442	63.5955	23.4479	2.43482	0.631987
66.3408	23.9917	2.74889	1.93429	66.3403	23.9959	66.0431	24.0276	2.37349	0.508655
66.17	23.9297	2.01217	1.68737	65.8838	23.9541	66.0431	24.0276	2.37349	0.508655
68.262	24.3613	2.0999	-0.608792	68.262	24.3582	68.4273	24.4824	2.30293	0.385623
68.4078	24.4131	2.64692	-0.425964	68.6759	24.6059	68.4273	24.4824	2.30293	0.385623
70.828	24.8822	2.25018	1.20078	70.8275	24.8844	70.7384	24.8137	2.22347	0.265395
70.7725	24.8618	2.01768	1.12224	70.7403	24.6728	70.7384	24.8137	2.22347	0.265395
72.8922	24.7167	2.14979	-1.19253	72.8923	24.7135	72.9675	25.025	2.13584	0.150292
72.979	24.7467	2.48432	-1.09454	73.0732	25.0343	72.9675	25.025	2.13584	0.150292
75.0032	25.2555	1.66339	1.81496	75.0021	25.2595	75.1062	25.1224	2.04114	0.0423626
74.9791	25.2468	1.56164	1.78036	74.9748	25.1377	75.1062	25.1224	2.04114	0.0423626
77.1211	24.9348	2.59372	-2.01725	77.1225	24.9297	77.1475	25.1137	1.9408	-0.0566978
77.1143	24.9346	2.43939	-2.04734	77.1386	25.2948	77.1475	25.1137	1.9408	-0.0566978
79.1099	25.0316	1.67384	1.8504	79.1089	25.0369	79.0861	25.0086	1.83649	-0.145607
79.0722	25.0188	1.39293	1.76948	79.1718	24.9698	79.0861	25.0086	1.83649	-0.145607
80.8067	24.8736	1.97033	-1.71298	80.8074	24.8688	80.9183	24.8178	1.73008	-0.223536
80.8651	24.8912	2.07387	-1.68062	81.1423	24.8704	80.9183	24.8178	1.73008	-0.223536
82.6223	24.6358	1.51913	0.907502	82.6216	24.6393	82.6423	24.5525	1.6235	-0.29012
82.5829	24.6246	1.31357	0.856099	82.5085	24.8114	82.6423	24.5525	1.6235	-0.29012
84.1727	24.5527	1.81385	-0.825367	84.1733	24.5504	84.2584	24.2245	1.51869	-0.345444
84.1791	24.5538	1.81066	-0.826799	84.2898	24.3312	84.2584	24.2245	1.51869	-0.345444
85.6388	23.8078	1.12283	-0.695482	85.6378	23.808	85.7688	23.8451	1.41749	-0.390006
85.7271	23.8317	1.42954	-0.625148	85.9743	23.7547	85.7688	23.8451	1.41749	-0.390006
86.9455	23.5263	1.02755	-0.0513878	86.9449	23.527	87.1776	23.4252	1.32159	-0.424654
87.0582	23.5562	1.19861	-0.00281082	87.6171	23.5127	87.1776	23.4252	1.32159	-0.424654
88.8211	22.7887	2.27818	-1.37266	88.8227	22.7869	88.4904	22.9745	1.23248	-0.450514
88.6899	22.7566	1.72729	-1.47832	88.4191	22.9498	88.4904	22.9745	1.23248	-0.450514
89.4992	22.3057	-0.0415447	0.355996	89.4967	22.3082	89.7145	22.5017	1.15138	-0.468904
89.6323	22.3395	0.546893	0.485739	89.7821	22.4826	89.7145	22.5017	1.15138	-0.468904
90.5124	21.6705	1.15784	-1.60451	90.5133	21.6677	90.858	22.0141	1.07929	-0.481241
90.6029	21.693	1.3784	-1.55339	90.8419	22.0974	90.858	22.0141	1.07929	-0.481241
91.7185	21.1129	0.897408	0.208697	91.7178	21.1152	91.9302	21.5174	1.01698	-0.488964
91.7765	21.1271	0.909616	0.220524	92.0492	21.5289	91.9302	21.5174	1.01698	-0.488964
92.8594	20.9547	1.23717	-0.488344	92.8599	20.9537	92.9411	21.016	0.964993	-0.493443
92.9077	20.9658	1.13564	-0.502813	93.3186	21.0712	92.9411	21.016	0.964993	-0.493443
93.4685	20.2162	-0.0089362	-0.973338	93.4668	20.2155	93.9011	20.513	0.92369	-0.495919
93.6327	20.2517	0.769148	-0.838596	93.7423	20.5071	93.9011	20.513	0.92369	-0.495919
95.3202	19.6578	2.59262	-0.360695	95.3229	19.6585	94.8209	20.01	0.893308	-0.497439
95.0092	19.5955	1.24342	-0.576751	94.494	19.8854	94.8209	20.01	0.893308	-0.497439
95.506	19.6968	-0.209382	0.630978	95.5039	19.6984	95.7116	19.5078	0.87398	-0.498816
95.6113	19.7185	0.400313	0.757105	95.6097	19.5804	95.7116	19.5078	0.87398	-0.498816
96.2634	19.163	0.853466	-1.62175	96.2641	19.1597	96.5842	19.0065	0.865773	-0.500589
96.3229	19.1737	1.03295	-1.59168	96.559	18.8688	96.5842	19.0065	0.865773	-0.500589
97.528	18.7241	1.41096	0.490565	97.5286	18.727	97.45	18.506	0.868716	-0.503009
97.4439	18.7064	0.949956	0.414813	97.5333	18.1735	97.45	18.506	0.868716	-0.503009
98.2111	18.3758	0.564636	-0.946233	98.2105	18.3739	98.3198	18.0049	0.882805	-0.506023
98.2756	18.387	0.839416	-0.902683	98.4162	18.1556	98.3198	18.0049	0.882805	-0.506023
99.0365	17.3573	0.680226	-1.13595	99.0363	17.357	99.2049	17.503	0.908006	-0.509278
99.0756	17.3637	0.995084	-1.10396	98.9782	17.2949	99.2049	17.503	0.908006	-0.509278
99.997	16.9864	0.870665	0.214254	99.9969	16.9882	100.117	17.0001	0.944242	-0.512134
100.056	16.9961	0.868337	0.218511	100.441	16.9521	100.117	17.0001	0.944242	-0.512134
101.203	16.5385	1.40148	-1.00171	101.204	16.5368	101.065	16.497	0.991362	-0.513687
101.158	16.5311	1.151	-1.0338	101.169	16.4353	101.065	16.497	0.991362	-0.513687
102.387	16.397	1.32989	0.602394	102.387	16.3992	102.063	15.9949	1.04911	-0.512803
102.276	16.3781	0.960258	0.544473	102.081	15.8359	102.063	15.9949	1.04911	-0.512803
103.004	15.3569	0.458277	-2.30495	103.003	15.353	103.119	15.4967	1.11708	-0.508169
103.065	15.364	1.08551	-2.26223	102.776	15.1195	103.119	15.4967	1.11708	-0.508169
104.114	15.2655	1.06796	1.66497	104.114	15.2708	104.244	15.0064	1.19469	-0.498349
104.057	15.2559	0.940452	1.64445	103.905	14.7607	104.244	15.0064	1.19469	-0.498349
105.539	14.4473	1.95388	-2.79525	105.541	14.4412	105.447	14.5293	1.28111	-0.481861
105.452	14.4349	1.63588	-2.82705	105.316	14.0026	105.447	14.5293	1.28111	-0.481861
106.832	14.0422	1.18475	1.58502	106.831	14.0482	106.737	14.0724	1.37529	-0.457255
106.775	14.0355	1.14202	1.57804	106.439	14.2401	106.737	14.0724	1.37529	-0.457255
108.083	13.6652	1.4272	-1.9537	108.084	13.6604	108.122	13.644	1.47592	-0.423202
108.126	13.6703	1.66008	-1.93206	108.131	13.6844	108.122	13.644	1.47592	-0.423202
109.535	13.5669	1.20141	1.38043	109.534	13.5714	109.606	13.2536	1.58144	-0.378583
109.514	13.5636	1.2388	1.38264	109.388	13.1556	109.606	13.2536	1.58144	-0.378583
111.062	12.5872	1.80211	-2.89073	111.063	12.5814	111.196	12.9118	1.69008	-0.322574
111.143	12.5969	1.96357	-2.87131	111.426	12.9557	111.196	12.9118	1.69008	-0.322574
112.913	12.481	1.63369	2.12278	112.913	12.4877	112.893	12.6299	1.7999	-0.254723
112.89	12.479	1.55124	2.11529	112.797	12.8241	112.893	12.6299	1.7999	-0.254723
114.8	12.5556	2.22455	-1.57557	114.801	12.5506	114.699	12.4195	1.90891	-0.175007
114.788	12.5541	2.06609	-1.59084	114.916	12.3187	114.699	12.4195	1.90891	-0.175007
116.688	12.1008	1.75732	0.469137	116.687	12.1035	116.611	12.2921	2.01507	-0.0838683
116.749	12.1071	1.99773	0.489209	116.871	12.0659	116.611	12.2921	2.01507	-0.0838683
118.952	12.0024	2.39373	-0.584237	118.953	12.0009	118.628	12.2586	2.11648	0.0177712
118.92	12	2.24062	-0.595918	118.85	12.4063	118.628	12.2586	2.11648	0.0177712
120.696	12.2896	1.33553	1.00197	120.695	12.2918	120.743	12.3289	2.21139	0.128528
120.812	12.3015	1.87616	1.0602	120.934	12.1905	120.743	12.3289	2.21139	0.128528
123.566	12.831	3.60705	0.11312	123.568	12.8297	122.95	12.5114	2.29835	0.246599
123.356	12.8094	2.63848	0.00503531	123.142	12.7694	122.95	12.5114	2.29835	0.246599
124.897	12.7744	0.461875	-0.0868434	124.894	12.7743	125.242	12.8125	2.37624	0.369827
125.208	12.8065	2.02691	0.0626479	125.376	12.9964	125.242	12.8125	2.37624	0.369827
127.851	13.3261	3.25569	0.902117	127.853	13.3273	127.609	13.2365	2.44434	0.495787
127.707	13.3107	2.64609	0.832625	127.506	13.153	127.609	13.2365	2.44434	0.495787
129.949	13.6974	1.83632	0.01687	129.947	13.6963	130.042	13.7853	2.50232	0.621879
130.072	13.7105	2.28528	0.0659555	130.334	13.781	130.042	13.7853	2.50232	0.621879
132.093	14.5052	1.77356	1.38286	132.092	14.507	132.53	14.458	2.55028	0.74543
132.221	14.5193	2.30085	1.4511	132.447	14.3423	132.53	14.458	2.55028	0.74543
135.072	15.0497	3.37463	-0.208406	135.074	15.0475	135.066	15.2513	2.58865	0.863795
134.99	15.0403	2.83751	-0.272939	135.127	14.6575	135.066	15.2513	2.58865	0.863795
137.561	16.2112	2.33716	2.34054	137.561	16.2147	137.639	16.1592	2.61821	0.974442
137.613	16.2178	2.5552	2.37384	137.653	16.5145	137.639	16.1592	2.61821	0.974442
140.331	17.0119	2.84682	-0.488438	140.331	17.008	140.242	17.1733	2.63994	1.07503
140.348	17.0145	2.91962	-0.477526	140.305	17.5379	140.242	17.1733	2.63994	1.07503
142.889	17.9883	2.20102	2.14738	142.888	17.9918	142.868	18.2829	2.65497	1.16346
142.894	17.9895	2.44455	2.18919	142.626	18.1458	142.868	18.2829	2.65497	1.16346
145.392	19.1642	2.52809	0.349711	145.392	19.1617	145.51	19.4754	2.66445	1.23795
145.496	19.1781	2.82561	0.393323	145.789	19.3785	145.51	19.4754	2.66445	1.23795
148.251	20.4731	2.70605	2.02797	148.251	20.4754	148.163	20.7364	2.66951	1.29702
148.222	20.4696	2.55777	2.00323	148.146	20.9376	148.163	20.7364	2.66951	1.29702
150.686	22.1151	2.36311	1.35187	150.686	22.1142	150.825	22.0502	2.67111	1.33953
150.722	22.1202	2.6612	1.41135	150.649	21.8148	150.825	22.0502	2.67111	1.33953
153.422	23.491	2.73695	1.3386	153.422	23.4909	153.491	23.3999	2.66999	1.3647
153.403	23.4874	2.65411	1.32234	153.466	22.9115	153.491	23.3999	2.66999	1.3647
156.047	24.8084	2.63312	1.31963	156.047	24.8084	156.159	24.7682	2.66666	1.37208
156.029	24.8059	2.51737	1.29766	156.009	25.0678	156.159	24.7682	2.66666	1.37208
158.904	26.0309	3.22297	1.17537	158.905	26.0308	158.827	26.1372	2.66127	1.36157
158.885	26.0279	2.98361	1.12815	159.014	26.1903	158.827	26.1372	2.66127	1.36157
161.413	27.425	2.08942	1.60414	161.412	27.4256	161.493	27.4891	2.65371	1.33344
161.484	27.4376	2.3848	1.66309	161.529	27.8454	161.493	27.4891	2.65371	1.33344
163.626	28.7691	1.89435	1.05393	163.625	28.7683	164.155	28.8064	2.64354	1.28825
163.797	28.7997	2.48759	1.1714	164.116	29.315	164.155	28.8064	2.64354	1.28825
166.826	30.2056	3.56666	1.61331	166.828	30.2062	166.809	30.0721	2.63006	1.22694
166.69	30.1802	2.83578	1.45939	166.748	29.7121	166.809	30.0721	2.63006	1.22694
169.098	31.3724	1.98238	0.961054	169.097	31.3717	169.452	31.2706	2.61238	1.15075
169.19	31.3888	2.45957	1.05959	169.345	30.7063	169.452	31.2706	2.61238	1.15075
172.174	32.3406	3.49387	0.879891	172.175	32.3404	172.079	32.3873	2.58945	1.06126
172.091	32.3253	2.94205	0.769171	172.135	32.6666	172.079	32.3873	2.58945	1.06126
174.644	33.4616	2.18469	1.42437	174.643	33.4625	174.685	33.4095	2.56021	0.960341
174.655	33.4641	2.3227	1.45539	174.474	33.9157	174.685	33.4095	2.56021	0.960341
177.03	34.2027	2.40399	0.154182	177.03	34.2009	177.261	34.3262	2.52363	0.850119
177.06	34.2083	2.50215	0.173041	177.211	33.8467	177.261	34.3262	2.52363	0.850119
180.144	35.1404	3.67576	1.57139	180.145	35.1423	179.799	35.1289	2.47883	0.732949
179.907	35.0942	2.61135	1.35372	179.543	35.4767	179.799	35.1289	2.47883	0.732949
182.599	35.7547	2.74892	0.0963612	182.599	35.753	182.292	35.8114	2.42515	0.611338
182.501	35.736	2.50678	0.0495636	182.047	36.2626	182.292	35.8114	2.42515	0.611338
184.733	36.5137	1.98551	1.36414	184.732	36.5155	184.73	36.37	2.36226	0.487877
184.736	36.514	1.98097	1.36255	184.833	36.1451	184.73	36.37	2.36226	0.487877
186.946	36.9427	2.40316	-0.327609	186.946	36.9404	187.103	36.804	2.29017	0.365145
187.011	36.9555	2.52255	-0.304081	187.296	36.9375	187.103	36.804	2.29017	0.365145
189.465	37.4033	2.41297	1.06053	189.465	37.4052	189.401	37.1147	2.20928	0.245623
189.454	37.4007	2.18247	1.01423	189.738	36.951	189.401	37.1147	2.20928	0.245623
191.735	37.5652	2.34952	-0.527269	191.735	37.5631	191.615	37.3064	2.12037	0.131591
191.703	37.5586	2.26338	-0.544337	191.682	37.1147	191.615	37.3064	2.12037	0.131591
193.473	37.2783	1.29542	-0.0804489	193.471	37.2789	193.738	37.3853	2.02462	0.0250452
193.567	37.2965	1.81065	0.0106197	193.555	37.4234	193.738	37.3853	2.02462	0.0250452
195.99	37.3988	3.0235	0.196796	195.991	37.3991	195.762	37.3598	1.92349	-0.072386
195.785	37.36	2.10371	0.0297502	195.507	37.4891	195.762	37.3598	1.92349	-0.072386
197.725	37.7277	1.79086	0.63888	197.725	37.7285	197.683	37.2395	1.81869	-0.159495
197.691	37.721	1.76225	0.632995	197.582	37.303	197.683	37.2395	1.81869	-0.159495
199.295	37.2888	1.41509	-1.30794	199.294	37.2862	199.497	37.0353	1.71212	-0.235529
199.354	37.2997	1.73245	-1.25514	199.356	37.3527	199.497	37.0353	1.71212	-0.235529
201.548	36.9949	2.67506	0.486401	201.549	36.9973	201.203	36.7587	1.6057	-0.300201
201.334	36.9561	1.75288	0.331262	200.932	37.4694	201.203	36.7587	1.6057	-0.300201
202.963	36.4589	1.48144	-1.17796	202.962	36.4568	202.801	36.4212	1.50137	-0.353671
202.939	36.455	1.47135	-1.18024	202.65	37.2445	202.801	36.4212	1.50137	-0.353671
203.992	36.1945	0.671714	0.478218	203.991	36.1967	204.294	36.0343	1.40095	-0.396497
204.043	36.2038	1.14744	0.556753	203.809	36.2941	204.294	36.0343	1.40095	-0.396497
