R	3.1365	1.5180	0.9556	1477010443200000	-0.0047	2.8999	-0.0471	0.9989
L	-0.1926	3.2919	1477010443600000	-0.0517	3.2969	-0.1719	0.9851
R	3.6723	1.5659	0.9254	1477010444000000	-0.1481	3.6848	-0.2940	0.9558
L	-0.5662	3.9935	1477010444400000	-0.2923	4.0577	-0.4115	0.9114
R	4.8647	1.6847	0.7622	1477010444800000	-0.4821	4.4094	-0.5225	0.8526
L	-0.7789	4.8252	1477010445200000	-0.7145	4.7347	-0.6252	0.7804
R	5.5258	1.7612	0.8153	1477010445600000	-0.9859	5.0282	-0.7181	0.6959
L	-1.0863	5.1370	1477010446000000	-1.2919	5.2854	-0.7997	0.6004
R	5.2178	1.8667	1.0133	1477010446400000	-1.6277	5.5023	-0.8686	0.4955
L	-1.7180	5.5062	1477010446800000	-1.9880	5.6753	-0.9239	0.3827
R	6.0175	1.9310	0.4517	1477010447200000	-2.3672	5.8018	-0.9646	0.2639
L	-2.8841	5.8729	1477010447600000	-2.7593	5.8798	-0.9900	0.1409
R	6.3938	2.0182	1.1328	1477010448000000	-3.1580	5.9080	-0.9999	0.0157
L	-3.5285	5.9840	1477010448400000	-3.5572	5.8861	-0.9940	-0.1097
R	7.1017	2.1609	0.1203	1477010448800000	-3.9504	5.8143	-0.9724	-0.2334
L	-4.3158	5.6348	1477010449200000	-4.3315	5.6937	-0.9354	-0.3535
R	7.2909	2.2633	-0.2781	1477010449600000	-4.6946	5.5264	-0.8838	-0.4679
L	-4.9064	5.4041	1477010450000000	-5.0337	5.3148	-0.8182	-0.5750
R	7.2577	2.3446	-0.1523	1477010450400000	-5.3437	5.0625	-0.7396	-0.6730
L	-5.5215	4.7062	1477010450800000	-5.6197	4.7732	-0.6495	-0.7604
R	7.0098	2.5236	-0.4475	1477010451200000	-5.8572	4.4517	-0.5490	-0.8358
L	-6.0830	4.1113	1477010451600000	-6.0525	4.1029	-0.4400	-0.8980
R	6.8853	2.5877	-0.3799	1477010452000000	-6.2026	3.7324	-0.3239	-0.9461
L	-6.2832	3.5243	1477010452400000	-6.3050	3.3460	-0.2028	-0.9792
R	6.7737	2.6788	-0.1424	1477010452800000	-6.3582	2.9498	-0.0785	-0.9969
L	-6.4893	2.4871	1477010453200000	-6.3614	2.5501	0.0471	-0.9989
R	7.1736	2.7995	0.0265	1477010453600000	-6.3144	2.1531	0.1719	-0.9851
L	-6.1176	2.1185	1477010454000000	-6.2180	1.7652	0.2940	-0.9558
R	5.8299	2.9307	-0.6678	1477010454400000	-6.0738	1.3924	0.4115	-0.9114
L	-5.9421	0.8290	1477010454800000	-5.8840	1.0406	0.5225	-0.8527
R	5.7883	3.0147	-0.2141	1477010455200000	-5.6515	0.7153	0.6252	-0.7804
L	-5.4060	0.4141	1477010455600000	-5.3802	0.4218	0.7181	-0.6959
R	5.3009	3.1113	-0.8432	1477010456000000	-5.0742	0.1646	0.7997	-0.6004
L	-4.7611	0.1300	1477010456400000	-4.7384	-0.0523	0.8686	-0.4955
R	4.3788	-3.0911	-0.7223	1477010456800000	-4.3780	-0.2253	0.9239	-0.3827
L	-3.7521	-0.1778	1477010457200000	-3.9988	-0.3518	0.9646	-0.2639
R	3.7876	-3.0365	-0.4028	1477010457600000	-3.6068	-0.4298	0.9900	-0.1409
L	-3.3365	-0.2172	1477010458000000	-3.2080	-0.4580	0.9999	-0.0157
R	2.8068	-3.0112	-1.0358	1477010458400000	-2.8089	-0.4361	0.9940	0.1097
L	-2.2993	-0.5041	1477010458800000	-2.4157	-0.3642	0.9724	0.2334
R	1.3450	-3.0613	-1.6004	1477010459200000	-2.0345	-0.2437	0.9355	0.3534
L	-1.3628	-0.0663	1477010459600000	-1.6715	-0.0764	0.8838	0.4679
R	0.9480	3.0237	-0.9124	1477010460000000	-1.3323	0.1352	0.8182	0.5750
L	-1.0653	0.2634	1477010460400000	-1.0223	0.3876	0.7397	0.6730
R	0.8524	2.3888	0.3440	1477010460800000	-0.7464	0.6768	0.6495	0.7604
L	-0.6744	1.0588	1477010461200000	-0.5089	0.9983	0.5491	0.8358
R	1.5448	1.8199	0.8668	1477010461600000	-0.3136	1.3471	0.4400	0.8980
L	-0.0607	1.5590	1477010462000000	-0.1635	1.7176	0.3240	0.9461
R	2.1670	1.6345	0.7696	1477010462400000	-0.0611	2.1040	0.2028	0.9792
L	0.2055	2.2148	1477010462800000	-0.0079	2.5002	0.0785	0.9969
R	3.2831	1.5730	0.7201	1477010463200000	0.0000	2.9000	0.0157	0.9999
L	-0.0343	3.2181	1477010463600000	0.0345	3.2982	0.1409	0.9900
R	3.4882	1.5215	0.5097	1477010464000000	0.1186	3.6890	0.2639	0.9645
L	0.0876	4.0232	1477010464400000	0.2511	4.0662	0.3827	0.9239
R	4.0933	1.4458	1.5465	1477010464800000	0.4297	4.4238	0.4955	0.8686
L	0.7340	4.7858	1477010465200000	0.6518	4.7561	0.6004	0.7997
R	5.0106	1.4002	1.3402	1477010465600000	0.9138	5.0581	0.6959	0.7181
L	1.2720	5.2013	1477010466000000	1.2116	5.3248	0.7804	0.6252
R	5.7072	1.2688	0.8688	1477010466400000	1.5404	5.5520	0.8527	0.5225
L	1.7704	5.9210	1477010466800000	1.8952	5.7363	0.9114	0.4115
R	6.3328	1.1938	0.5106	1477010467200000	2.2702	5.8747	0.9558	0.2940
L	2.5089	6.0125	1477010467600000	2.6596	5.9649	0.9851	0.1719
R	6.9265	1.1111	0.1299	1477010468000000	3.0573	6.0057	0.9989	0.0471
L	3.4508	5.8768	1477010468400000	3.4569	5.9962	0.9969	-0.0785
R	7.0493	1.0445	0.0445	1477010468800000	3.8522	5.9368	0.9792	-0.2028
L	4.2824	5.9622	1477010469200000	4.2369	5.8283	0.9461	-0.3239
R	6.9166	0.8911	0.8273	1477010469600000	4.6050	5.6724	0.8980	-0.4400
L	5.1481	5.6193	1477010470000000	4.9507	5.4717	0.8358	-0.5490
R	7.8065	0.7614	0.2785	1477010470400000	5.2685	5.2291	0.7604	-0.6495
L	5.4612	4.6615	1477010470800000	5.5533	4.9487	0.6730	-0.7396
R	7.4310	0.7118	-0.3881	1477010471200000	5.8008	4.6348	0.5750	-0.8182
L	5.9074	4.1828	1477010471600000	6.0070	4.2923	0.4679	-0.8838
R	7.3422	0.6083	-0.5904	1477010472000000	6.1686	3.9267	0.3535	-0.9355
L	6.3899	3.3671	1477010472400000	6.2832	3.5437	0.2334	-0.9724
R	7.1889	0.4787	-0.3639	1477010472800000	6.3488	3.1494	0.1097	-0.9940
L	6.4323	2.8072	1477010473200000	6.3645	2.7500	-0.0157	-0.9999
R	6.1494	0.3202	-0.3184	1477010473600000	6.3300	2.3517	-0.1409	-0.9900
L	5.9709	1.6552	1477010474000000	6.2459	1.9610	-0.2639	-0.9646
R	6.6746	0.2469	-0.7724	1477010474400000	6.1134	1.5838	-0.3827	-0.9239
L	5.8565	1.3312	1477010474800000	5.9347	1.2262	-0.4955	-0.8686
R	5.8480	0.1573	-0.8741	1477010475200000	5.7127	0.8938	-0.6004	-0.7997
L	4.9690	0.4728	1477010475600000	5.4507	0.5919	-0.6959	-0.7181
R	5.1826	0.0778	-0.4202	1477010476000000	5.1529	0.3252	-0.7804	-0.6252
L	4.8049	0.1795	1477010476400000	4.8241	0.0979	-0.8526	-0.5225
R	4.2520	-0.0615	-0.9854	1477010476800000	4.4693	-0.0863	-0.9114	-0.4115
L	4.1630	-0.1695	1477010477200000	4.0943	-0.2247	-0.9558	-0.2940
R	3.8675	-0.1268	-0.5031	1477010477600000	3.7049	-0.3149	-0.9851	-0.1719
L	3.2120	-0.3901	1477010478000000	3.3072	-0.3557	-0.9989	-0.0471
R	2.7031	-0.1275	-1.1312	1477010478400000	2.9076	-0.3463	-0.9969	0.0785
L	2.7654	-0.2099	1477010478800000	2.5123	-0.2868	-0.9792	0.2028
R	2.1429	-0.0775	-1.4654	1477010479200000	2.1275	-0.1783	-0.9461	0.3239
L	1.4329	-0.0554	1477010479600000	1.7594	-0.0225	-0.8980	0.4399
R	1.8048	0.0987	-0.3985	1477010480000000	1.4138	0.1783	-0.8358	0.5490
L	1.0156	0.2639	1477010480400000	1.0960	0.4208	-0.7604	0.6494
R	1.7304	0.7245	0.3634	1477010480800000	0.8111	0.7013	-0.6730	0.7396
L	0.4585	1.1104	1477010481200000	0.5637	1.0152	-0.5750	0.8181
R	1.1663	1.2801	1.2308	1477010481600000	0.3575	1.3576	-0.4679	0.8838
L	0.2706	1.6783	1477010482000000	0.1959	1.7233	-0.3535	0.9354
R	2.2708	1.5306	1.4808	1477010482400000	0.0813	2.1062	-0.2334	0.9724
L	0.1287	2.8532	1477010482800000	0.0157	2.5006	-0.1097	0.9940
R	3.2887	1.5497	0.6582	1477010483200000	0.0000	2.9000	0.0157	0.9999
